,N6 (e),H61 (e),N1 (e),C10 (e),H101/2/3 (e),C6 (e),$V_\eta (kJ/mol)$
0.001,0.572455285319881,0.08202707001069501,-0.007837085188150936,-0.7071218363720011,0.11017241394595033,-0.2700406756082749,-3.213463351474651
0.001,0.572455285319881,0.08202707001069501,-0.007837085188150936,-0.7071218363720011,0.11017241394595033,-0.2700406756082749,-3.213463351474651
0.0015998587196060573,0.5374863144982615,-0.042442568552914534,-0.0765117348794857,-1.468263356582124,0.3442622111805709,0.016944711974550275,-3.719177208113059
0.002559547922699536,0.536144968811864,-0.04215589804619722,-0.07599333704282736,-1.4626005013212922,0.3426817707829796,0.016559455249513744,-3.704633095147551
0.004094915062380427,0.5561304358335178,0.08555371475853027,-0.009554398205896104,-0.7040291513490103,0.11191873286486298,-0.2638567996317306,-3.1540200721905247
0.005,0.5531523575713664,0.08610149375055039,-0.009731094047000585,-0.7036047871964234,0.11230847506599263,-0.2628433952764708,-3.145214892611791
0.00655128556859551,0.5309177519443149,-0.04102142012350203,-0.07389094346266613,-1.4399438388439805,0.33634911107815696,0.014891117251362497,-3.6476627351567714
0.010481131341546858,0.5262754066710578,-0.03998962696188137,-0.07189054744618968,-1.4189064812259686,0.33045932648675497,0.01313326950271698,-3.5967923290583688
0.016768329368110086,0.519761789645394,-0.03852076431763477,-0.06880658890586491,-1.3875300083399182,0.3216663014353353,0.010096667612017884,-3.5250513966664583
0.02,0.5244994852531177,0.08876668924230426,-0.009974835702118748,-0.6898741358277038,0.11297245079796513,-0.2523345553594947,-2.9967245543932237
0.02682695795279726,0.5111426177628153,-0.03660220251684093,-0.06410098675717787,-1.3419146941224696,0.308890015660218,0.004805218653018972,-3.4293632098032467
0.04291934260128778,0.4996414303425046,-0.034356252280747,-0.057026080497078024,-1.2756812646009668,0.2904392407421879,-0.0038955551902765118,-3.2993170842089534
0.05,0.27087668907399404,0.019978408081676308,-0.00873146193784697,-0.18678339809785116,0.0007012176642954003,-0.09744389011285848,0.5769029671795564
0.06866488450043001,0.2350673519754497,0.012804581177659258,-0.00744304576359356,-0.11677128281430553,-0.01211402241590388,-0.0873155373274982,0.9104977445201238
0.1,0.2053195755982312,0.004479392000094518,-0.007084073525947519,-0.08715464107999145,-0.014063605235291992,-0.07336943728651074,1.0696466742485455
0.10985411419875583,0.19780072780331195,0.0027879724809866968,-0.007163934785200312,-0.08167518732889313,-0.014037909393422131,-0.06963584998993883,1.1013615779175203
0.1757510624854793,0.1598222759669858,-0.003359231112777201,-0.0081335174380192,-0.05899720171172215,-0.012745830521017954,-0.051094834141413394,1.2367535273483008
0.2811768697974231,0.1242040007916188,-0.006480970636932498,-0.009213587166955242,-0.04146286962638684,-0.010672429858639995,-0.03502928378542425,1.338604371062692
0.4498432668969444,0.09350775894164544,-0.007588397586533022,-0.009656812137655962,-0.02806362093907091,-0.008496436785912644,-0.022709617920647632,1.4091346853371332
0.5,0.08736745507167197,-0.007635569516985431,-0.009636547649908395,-0.025575170063395398,-0.008022305861973635,-0.020453250255461856,1.4211163018914859
0.7196856730011522,0.06836067799694749,-0.00738183237154572,-0.009229803235295415,-0.01832267273749096,-0.00647848177049893,-0.0139909243411186,1.4530562748117204
1.0,0.05395763767921922,-0.006747756330268774,-0.008476212642961289,-0.013344988053315543,-0.0052316952302386786,-0.009693594961957572,1.4713723574999549
1.151395399326448,0.048544452106349785,-0.006400557154225886,-0.008069128034361937,-0.011603287817191695,-0.004746774736029322,-0.00823115489248231,1.4767614424920892
1.8420699693267164,0.03351427655114948,-0.005089871024645537,-0.006509289069024361,-0.007184181553570864,-0.003354161823028541,-0.00466844943482309,1.4868024574183838
2.9470517025518097,0.022550621502769725,-0.0037800968041041593,-0.004901722151035678,-0.004390068985503909,-0.002295906277960901,-0.002591014728243278,1.4888508493598338
4.714866363457395,0.014845911442904591,-0.0026613935291841372,-0.0034911595264133463,-0.002668952691590213,-0.0015309770604041196,-0.0014314745145045365,1.487108019041186
5.0,0.014071725703828822,-0.0025393497734698517,-0.0033353274239580066,-0.002507813455821066,-0.001453151392257523,-0.0013297808738073295,1.4867667193336207
7.543120063354622,0.009603182206039326,-0.0017991190997485504,-0.002382306094526773,-0.0016216465221543595,-0.0010005374986317046,-0.0007984979937145286,1.4841116842718451
10.0,0.007344347156830116,-0.0014010542181118846,-0.0018643553765779989,-0.0012034297753695398,-0.0007693730718159341,-0.0005673885713228899,1.4822419738146744
12.067926406393287,0.00612727441231554,-0.001179766648412194,-0.001574821181699038,-0.0009865357523346056,-0.0006441779936200457,-0.00045361684900956426,1.4810387590634322
19.306977288832496,0.0038666812826445205,-0.0007558338654927197,-0.0010170018377165908,-0.0005997008943583878,-0.00041044483990949866,-0.0002628101653483257,1.4782174856175618
30.888435964774853,0.00241637200837307,-0.00047491503112941563,-0.0006451792454390938,-0.00036254754253893046,-0.00025969624791806603,-0.00015464144551143196,1.4755136016249475
49.417133613238384,0.0014944557344551024,-0.0002926321114445831,-0.0004029630416437273,-0.00021632165072580305,-0.00016356492739230048,-9.184414846408732e-05,1.4725444693305916
50.0,0.0014764210102804769,-0.00028903747560762166,-0.0003981788740500917,-0.00021349898371067163,-0.00016168113764083672,-9.066226398958202e-05,1.4724625238285574
79.06043210907701,0.0009120931230030976,-0.00017599958591274118,-0.0002475819532950145,-0.00012587727098195016,-0.00010268209932416904,-5.458801484088449e-05,1.4687464932602368
100.0,0.0007077144451205071,-0.00013479703050834442,-0.0001926088117362064,-9.450224150192916e-05,-8.128131559234391e-05,-4.196241459699537e-05,1.4663008910587254
126.48552168552958,0.0005457292424270927,-0.00010204616711839824,-0.00014888268032706996,-6.972610895725663e-05,-6.432039535828746e-05,-3.211309994950558e-05,1.463326922764751
202.35896477251558,0.0003159585499045873,-5.545784198845865e-05,-8.660607542650207e-05,-3.481479558109458e-05,-4.022709425776076e-05,-1.8398554135249757e-05,1.4551355121149208
323.7457542817647,0.00017227174663444767,-2.6279211182494808e-05,-4.7519978065466715e-05,-1.3088169503646053e-05,-2.5139823716422048e-05,-9.964916733573947e-06,1.4424680853517362
500.0,8.815221876695982e-05,-9.229474649360142e-06,-2.4589232801477194e-05,-4.247254269154675e-07,-1.627764811028919e-05,-5.075841558339454e-06,1.4245962883572456
517.9474679231214,8.282348128337804e-05,-8.15276119779368e-06,-2.31356323169597e-05,3.755043291527503e-07,-1.5714497679553167e-05,-4.767099059117907e-06,1.422804606118196
828.6427728546843,2.763985160239062e-05,2.92943060646003e-06,-8.079626349984741e-06,8.647763183327213e-06,-9.855312466041817e-06,-1.5714816440676727e-06,1.3925200989921471
1000.0,1.2197915524413429e-05,5.98405955715163e-06,-3.867036862685385e-06,1.0947810812644446e-05,-8.195576695944056e-06,-6.760189436919503e-07,1.37637301334826
1325.711365590111,-5.690205820795077e-06,9.454544474068184e-06,1.0096938074189344e-06,1.3591675675587298e-05,-6.243816757944343e-06,3.657421375536889e-07,1.3466933792767566
2120.950887920193,-2.480998469324733e-05,1.2941347414609649e-05,6.211497693848608e-06,1.632751972789625e-05,-4.055127172690921e-06,1.4950013749655881e-06,1.2793184491535394
3393.2217718953298,-3.4387516202150294e-05,1.4305293960779583e-05,8.801661477525492e-06,1.749118212789441e-05,-2.765700383501877e-06,2.086479786456438e-06,1.1844303560966494
5000.0,-3.7188636043662736e-05,1.4243604631964429e-05,9.55016163022702e-06,1.7490694906985504e-05,-2.1266818859899864e-06,2.284220532455741e-06,1.0828823467453883
5428.67543932386,-3.731701571308531e-05,1.411867814327114e-05,9.582733380431081e-06,1.739338919947547e-05,-2.025729572296362e-06,2.299403706796702e-06,1.0586497096095853
8685.11373751352,-3.560820053378617e-05,1.2811449977761242e-05,9.11648912442382e-06,1.6236321391749136e-05,-1.5985880500542788e-06,2.2397041900148096e-06,0.9047013475297426
10000.0,-3.444259238976349e-05,1.2261658066451739e-05,8.804586205696441e-06,1.5707522617808598e-05,-1.5040471495713641e-06,2.180966948520804e-06,0.8544782451840099
13894.954943731389,-3.092324187505704e-05,1.0795385724408054e-05,7.872236520228923e-06,1.4204462024472552e-05,-1.3127243183671816e-06,1.9893305610490474e-06,0.7337276873739312
22229.96482526196,-2.4823763016128923e-05,8.498833123487256e-06,6.2779995620053776e-06,1.162674649765607e-05,-1.0707482600762208e-06,1.6324286132088836e-06,0.5632032564663919
35564.80306223129,-1.864170639475609e-05,6.299796196546722e-06,4.685331422134781e-06,8.921377541665477e-06,-8.380991971650884e-07,1.2494988259043736e-06,0.4104344722183911
50000.0,-1.4632090054966422e-05,4.9118843185207385e-06,3.663370132742553e-06,7.101459936550888e-06,-6.788569873217154e-07,9.91946629117388e-07,0.31722971248115506
56898.66029018305,-1.3262303136552373e-05,4.442873967227334e-06,3.316117566860502e-06,6.467371252938745e-06,-6.221703187841857e-07,9.024513058783494e-07,0.2861657546355991
91029.81779915227,-9.054121523643604e-06,3.015517642573132e-06,2.2550054716958143e-06,4.479920275090482e-06,-4.3977537827951754e-07,6.230042691227281e-07,0.1927585313075479
100000.0,-8.355789811744673e-06,2.780470444119222e-06,2.0797868292568275e-06,4.143881739238317e-06,-4.0810076742572303e-07,5.759531014074772e-07,0.17752792249664132
145634.84775012446,-5.999944086397492e-06,1.9907359631102002e-06,1.4902103546310571e-06,2.9992690647029254e-06,-2.987674268651461e-07,4.160309845487481e-07,0.12662320779817596
232995.1810515372,-3.895550906739981e-06,1.2893363676606402e-06,9.657117632776243e-07,1.9610103699509725e-06,-1.9734183849979387e-07,2.7151792135012537e-07,0.08174718023551096
372759.3720314938,-2.4949834781273614e-06,8.244826508309352e-07,6.177379902409755e-07,1.2617795101502615e-06,-1.2783546064728557e-07,1.744897088470457e-07,0.05216725053435228
500000.0,-1.8796589955957649e-06,6.207249122020282e-07,4.6513474289492285e-07,9.525119439810652e-07,-9.678764236152738e-08,1.316503236023312e-07,0.03924037837612103
596362.3316594637,-1.5838268176077937e-06,5.228630383638589e-07,3.918264538251229e-07,8.033760172032449e-07,-8.17491527093482e-08,1.1100876634361186e-07,0.03303998929173941
954095.4763499964,-9.997030365566672e-07,3.298204970803828e-07,2.471912822771373e-07,5.080528719836031e-07,-5.1842377549420006e-08,7.016551786380419e-08,0.020824446620908942
1000000.0,-9.545289331055788e-07,3.149014817989427e-07,2.3601192334016308e-07,4.851665091652399e-07,-4.951768951045991e-08,6.700208733261277e-08,0.019881226425306014
1526417.9671752362,-6.287698064676278e-07,2.0735211270731888e-07,1.5541157213219492e-07,3.200140754371478e-07,-3.272842659276395e-08,4.4177325969258035e-08,0.01308462735966675
2442053.0945486547,-3.945161184154019e-07,1.3007253882914133e-07,9.749589824124066e-08,2.0090626464192267e-07,-2.0563133727091576e-08,2.7730817884371936e-08,0.008205610462128542
3906939.937054621,-2.471856793143836e-07,8.148585982168495e-08,6.107984226380608e-08,1.2592790237342679e-07,-1.2895954780050136e-08,1.7379939195616176e-08,0.005139556421360805
5000000.0,-1.9331847293686053e-07,6.372467311758972e-08,4.7766939063891434e-08,9.850261671491065e-08,-1.0089982448492912e-08,1.359419138594746e-08,0.004019008106080243
6250551.925273976,-1.5473882153272812e-07,5.10053673578024e-08,3.8233021728428005e-08,7.885476620190523e-08,-8.078861759844854e-09,1.088225152412707e-08,0.003216652608404776
10000000.0,-9.681315699510062e-08,3.1909611353507564e-08,2.3919212295688378e-08,4.9347343349759067e-08,-5.05755595495925e-09,6.8096578610233765e-09,0.0020122046331118608
