,N6 (e),H61 (e),N1 (e),C10 (e),H101/2/3 (e),C6 (e),$V_\eta (kJ/mol)$
0.1,0.020414650939877266,0.2850796029419569,-0.12320398244918587,-0.38272758890202496,0.05292610009365,0.04165901718842667,1.9381647990497526
0.5,0.02087687131573611,0.284628214791281,-0.12235582366926498,-0.37749862569266973,0.05147200968189936,0.03993333420921953,1.9314777236927523
1.0,0.021435655681757725,0.2839840680597199,-0.12131590987279428,-0.37129514845680545,0.04977264008354227,0.037873414337495345,1.9225747933549209
2.0,0.02252933179917612,0.28245173130460954,-0.11929090818821479,-0.3597707608763252,0.046689132032570205,0.034013209863043764,1.9034831611658676
5.0,0.1262580050337768,0.10454111541526408,-0.05011470627858328,-0.005154803379081849,-0.056211312100838254,-0.006895674488860984,2.2727836780103865
10.0,0.10273255105242511,0.10588151400224452,-0.05211981310982525,0.004503561589413342,-0.05651837323417995,0.008557306168282139,2.425136176990851
20.0,0.08467353121595707,0.10169076688563808,-0.04992404391153349,0.005386601878931022,-0.05326088935894362,0.01795581200783815,2.45309366195368
50.0,0.06211382313861554,0.08030573674773485,-0.03820992333437705,0.003263766426167608,-0.04288604606235843,0.021184735208934338,2.308632204899811
100.0,0.04399418722869989,0.056512833722216424,-0.02682244160273158,0.0020010719775681606,-0.031263679029690135,0.0181053857633175,2.1146311937227393
200.0,0.02866367911973238,0.03732212666331677,-0.01761095372488349,0.001336782876722517,-0.02089045884095724,0.012959741587983537,1.9228531220059275
500.0,0.014628497242332256,0.019587800524394343,-0.00882133528009557,0.000707624287663056,-0.011029991464495991,0.00698738761919389,1.7176347395959817
1000.0,0.008185812302476414,0.011143487260005153,-0.004750666165861155,0.00038604908103744836,-0.006320219243773533,0.0039959752536627355,1.6139590066802576
10000.0,0.000928914441947699,0.0012936130152416084,-0.0004889765907058894,3.876702603608804e-05,-0.0007463416702136226,0.0004667071181213619,1.4918890195924295
100000.0,9.42483458576977e-05,0.00013164674262462298,-4.8746380261346144e-05,3.833496391785715e-06,-7.617588748785748e-05,4.754545785081216e-05,1.4776086718735064
