,loss,kish ratio,chi2s A1,chi2s A2,chi2s A3,chi2s A4,chi2s A5,chi2 tot,Kish size A1_MS,D_KL A1_MS,Kish size A1_MD,D_KL A1_MD,Kish size A2_MS,D_KL A2_MS,Kish size A2_MD,D_KL A2_MD,Kish size A3_MS,D_KL A3_MS,Kish size A3_MD,D_KL A3_MD,Kish size A4_MS,D_KL A4_MS,Kish size A4_MD,D_KL A4_MD,Kish size A5_MS,D_KL A5_MS,Kish size A5_MD,D_KL A5_MD,Kish size tot
0.001,0.053460286508002136,0.0014811969141243265,1.0006602741020462e-05,7.067600856948408e-05,2.7469587314504973e-05,0.00015033147540039274,6.566004342841372e-06,0.00026504967836824363,3847.7751786944696,6.505529658304666,846.964007917256,4.785228839418348,337.122551662837,4.6161365667916385,352.5661087612016,4.1074161168669265,3281.7584710380825,6.216945244529707,531.369337209503,4.471915942775578,722.77099991387,5.117847053341839,800.0536258323843,4.974836583806625,859.2709519375425,5.516008885753926,5073.489942099944,7.015896777054366,16653.14117506709
0.0015998587196060573,0.0822615302219561,0.0015935212471190024,0.000358771680467389,0.000425708645515552,3.0365505944725436e-06,8.480117828912904e-06,3.2018072222581165e-07,0.0007963171751285523,179.97628010157402,3.6491307449032213,4606.382770645872,5.193938752621672,334.0139611900743,4.051192081347724,6818.5862974047905,7.521737047229979,1870.6577753039176,4.885631146925743,8603.474350234257,6.039718328040296,4203.386743560566,5.6531219999101525,2995.542726362642,5.3819642146761915,1341.2368476357553,4.19422691589144,990.940989023968,4.598464286253466,31944.198741463417
0.002559547922699536,0.13122624922632484,0.0016195307658113786,0.0009115604555269961,0.0010811785716117904,7.731035113928554e-06,2.2276827635022248e-05,5.337159279417473e-07,0.0020232806058156786,177.70298607664634,3.6339584642129257,4538.321847956548,5.165175821317983,329.29368140491204,4.0321658262066284,6771.779645613446,7.494721998254982,1804.8027280703182,4.851605981708959,8377.48005884395,5.987085746816297,4077.916729543608,5.613534532912593,2935.3348841631982,5.3478420479831215,1272.5431914786386,4.170281187003634,977.095884337246,4.577693992590562,31262.27163748851
0.004094915062380427,0.21756914059495489,0.001536510482274454,0.00030377632625690307,0.0010129914764041318,0.0002076474205366264,0.0012699088165985454,0.00020087404809777669,0.0029951980878939835,4022.633525272373,6.502109071484539,793.3226085650521,4.7156223215754896,320.839352999016,4.550641849246563,328.06281143634766,4.012047467970742,3227.814706811658,6.159410980672002,490.17199331280636,4.379568686124215,705.7792789412829,5.076245877811459,790.5708432906023,4.94810738142542,788.8061563297828,5.439795743251953,5030.264310443787,6.982268289107437,16498.265587402708
0.0065512855685955105,0.3319062506727939,0.0017282978359155648,0.00575651314325544,0.0068795397488331045,5.306272067146156e-05,0.00015744274183174478,8.506679351546422e-09,0.012846566861271102,169.06494163676464,3.573405759537275,4266.1148133646975,5.048549021855863,310.87636933968946,3.956015950286027,6574.484515009412,7.38138422647984,1559.4393672600336,4.7161323984050885,7486.611385150374,5.7725053199364655,3599.5494325406867,5.45377807225604,2705.574442544349,5.210454761857132,1030.9121001353801,4.076350799363117,922.9234054953862,4.493728610725015,28625.55077247677
0.010481131341546858,0.5249256453027158,0.00183700528259218,0.014235775414173204,0.017162699300353558,0.00014499471332675396,0.0004237479575999589,6.1464452060261776e-06,0.0319733638306595,161.62950730873888,3.5171997429331077,4012.664787440893,4.937639332177908,294.3715468698073,3.885100237292333,6375.594495846357,7.26799092062638,1356.4732190430443,4.591353984757172,6681.657425687446,5.56753733012061,3189.121865173278,5.3034584005928584,2507.726238557977,5.081612065871568,848.5230243899848,3.991545560014384,874.1170756140276,4.414198696126001,26301.879185931553
0.016768329368110086,0.8247769304827421,0.002016527434083273,0.0345166229193434,0.04241733372948103,0.0004299387205386233,0.001135606873265384,9.896607800598477e-05,0.07859846832063443,151.41024321208357,3.4328638373507987,3631.2726977433995,4.766330366543811,270.5467970449157,3.778242507770664,6046.607776688052,7.082266910472301,1095.165886874773,4.407234829485153,5533.363913867344,5.252531065024112,2639.0523336607366,5.076178036303753,2238.7088914636192,4.887242621824404,637.8563180673697,3.8684017337518575,803.1645406804279,4.291639135878126,23047.149399302718
0.02682695795279726,1.2828579381216902,0.002327152862319261,0.08120091460249099,0.10412378057552313,0.0014924784530905134,0.0028950346355591174,0.0007748681743359276,0.19048707644099966,137.97078060433074,3.308088084426396,3070.9877949285924,4.503237705068302,237.17779850251253,3.619142961031677,5490.897609610684,6.772096462469102,795.7679810102859,4.144995312966555,4023.7806752385736,4.782185611449896,1974.6929000246776,4.742183760657971,1894.294235051757,4.600308069351314,430.48037328595245,3.6939488376080867,702.8610941263498,4.103252987048323,18758.911242383718
0.04291934260128778,1.9640351602503687,0.002929547829373023,0.1828961953399922,0.2579896179520466,0.006666018830540917,0.006427151465258003,0.003919527712343546,0.4578985113001813,120.34299876053001,3.121864361903808,2278.4049570437737,4.097387211247161,191.62123362353424,3.3797822296058513,4526.784290082461,6.232426439238182,503.8474690720851,3.7819458884404864,2320.07505142839,4.116035315777271,1280.5073329616978,4.2647641914179415,1454.3522264892292,4.177846573039639,261.9871641936039,3.444771232673856,563.8302867642695,3.8098420045564936,13501.753010419574
0.06866488450043001,2.670121530366625,0.14607631933624374,0.6343427011450379,2.5196362047221346,0.6322765993972591,0.05094758468724814,0.14190503426912682,3.979108124220806,8.854846044833229,1.0799011201637378,6.141412820446835,0.9371495518329457,12.122271283490397,1.0985671672248674,5.095064043332903,0.8058733622621905,7.794087984559319,1.042699969227246,4.7264124913295396,0.780116958008347,7.969293493072739,1.0881003821860418,6.218812227302407,0.9770538035985605,10.181598001288476,1.0975514835742128,7.109909713021718,1.0044201376272641,76.21370810267757
0.10985411419875583,2.9906792508973914,0.2959165538645935,0.7684919789426413,2.969304384398011,0.72433921979556,0.04080299532045645,0.12413376734354152,4.62707234580021,3.871121941424852,0.6644576211288276,3.1822112904486985,0.5877682837397659,4.579528189210411,0.67421856435315,2.789816098179335,0.5083485576295161,3.6587637436109715,0.6521849377171385,2.698931256588069,0.4924088406446295,3.8194454362990595,0.6726163762962658,3.2588464298476203,0.6120901961203705,4.085695714090073,0.6721112006641824,3.4456554596543585,0.6278164903039992,35.39001555935345
0.1757510624854793,3.3001844040611754,0.4902951440825226,0.9428024430210276,3.4339125203948355,0.7865896114742367,0.023707488909652345,0.14514793893302405,5.332160002732777,2.1957497219906323,0.38770073842436614,1.9692822232119056,0.3417859242027876,2.3182661579848185,0.391763613806689,1.821422628612844,0.29796367388333833,2.15336839345017,0.38462513259799064,1.7921184626410107,0.288866717157811,2.2075532572308356,0.39103538360744833,2.032820434877754,0.361114204327711,2.233155851421722,0.3919168515574649,2.0918494622517696,0.3711968267615864,20.815586593673462
0.2811768697974231,3.5821105936026205,0.6736852268224575,1.1536057637270212,3.875609259276836,0.8092952262792691,0.009125133227392841,0.1920299442966725,6.039665326807191,1.544738465831182,0.21621293028375507,1.4459116568471533,0.18576330126609875,1.5675673089602336,0.21751884912891095,1.3867765765695288,0.16285423132701163,1.5352288226519049,0.2149942128019402,1.375217348952979,0.15826033550595744,1.5490918028821512,0.21605666440898064,1.4917944052758225,0.20203405002809077,1.5542905962957205,0.21790312784714644,1.5144934159162655,0.20813265340925508,14.96511040018294
0.4498432668969444,3.826394464717584,0.8091634227809494,1.3930386616278263,4.2605636700987,0.7904563788015823,0.0014654402461056315,0.2551397947424076,6.700663945516622,1.2606376100166974,0.11599521480523738,1.2092255266303074,0.09575976984594473,1.265468163158096,0.11604041438110788,1.1829928064296333,0.0838441160635752,1.2570323867198039,0.1147744278390258,1.17840858781587,0.08182777957879935,1.2595630837860057,0.11450962119160188,1.2392335343429344,0.10805453384230729,1.2628763421177842,0.11603432326199974,1.2487814697601098,0.1114450208900447,12.364219510777241
0.7196856730011522,4.02905096594708,0.8945200744225577,1.6484831717631323,4.571375251453642,0.7389284703036094,0.00013076448096921472,0.325807173215198,7.2847248312165505,1.1266267809619013,0.059942804370338845,1.0986587783114978,0.047434702313614616,1.1272716672309488,0.05953422157448319,1.085537817649644,0.04100405546767331,1.1241957790562023,0.05873933615223381,1.0839374094466827,0.04026679755994139,1.1242961701197827,0.05843587691948,1.1164866658646952,0.055451581706369595,1.126275607327198,0.05931044867142603,1.1206233306163236,0.05718215611621254,11.133910006584875
1.151395399326448,4.190573160847091,0.9433647661612296,1.9026947752798444,4.805615721546231,0.6700275209436485,0.002633873517950247,0.39606832872550735,7.7770402200131805,1.0609896734403037,0.029797331240242822,1.0462814364214157,0.02279132310821019,1.0606169841651485,0.029355919777721777,1.0391379242937675,0.019195479391272943,1.0592228904115981,0.028859460502447642,1.0387419060756518,0.01900983540195316,1.0590850739624476,0.028727665546923787,1.055862807347722,0.027332637397161123,1.06001801809376,0.029121731362038567,1.0576350043521774,0.028145113648429428,10.537591718563993
1.8420699693267164,4.3144872574202005,0.9698701030542348,2.1371369654054435,4.971921968078701,0.5992048616946912,0.006637985485043287,0.4595019489630325,8.174403729626912,1.0286904478573968,0.014229672545302625,1.0214323616864556,0.010666898191450594,1.028232537867702,0.013911627088079326,1.0174791027473802,0.008666727523754433,1.0275533478127008,0.013626894953628694,1.0175114776411374,0.008684015470552761,1.0275139041119878,0.013603101685963728,1.02611328186734,0.0129492379476131,1.0278703171232673,0.013747159104118183,1.0268437838815634,0.013300519285583956,10.249240562596931
2.9470517025518097,4.4062000459552095,0.9838920507243588,2.3372812662803875,5.0844078464425655,0.537208331291631,0.01065394952385028,0.5121539360918348,8.48170532963027,1.013100440735994,0.006539919666639446,1.0097526814743754,0.004873128310340861,1.01278930346024,0.006355027184299572,1.0076368498550703,0.003804862096293848,1.0124579910559053,0.0062041836358134195,1.007790435782526,0.003880582928995473,1.0124809609224863,0.006218597273183461,1.0118563794418527,0.005915132068803066,1.012590704424504,0.006260049490831351,1.0121399427149704,0.006054544354730596,10.112595689867923
4.714866363457395,4.472093878591187,0.9912491060036211,2.4962378491665445,5.157553774949628,0.4887117176882603,0.01399695186603425,0.5527781522968414,8.709278445967309,1.0058308364972273,0.0029181081703601097,1.004381497421539,0.00219090412899688,1.0056635691117688,0.0028256176002004205,1.003295346457699,0.001644759365741158,1.0055023447361862,0.0027488422926423128,1.0034644001783648,0.0017279738118233176,1.0055390019757493,0.002769069821285616,1.005258005172504,0.002629923231650119,1.0055635976954718,0.0027766724393769567,1.0053584966416451,0.002679680310775368,10.049857095888155
7.543120063354622,4.518735900706772,0.9951290095058084,2.6152011167979534,5.203167808577512,0.4538221467182026,0.016504320576830843,0.5822929357652796,8.870988328435777,1.0025734929234849,0.0012891883193225488,1.0019869684564844,0.0009925749536251775,1.0024964018909044,0.001248255140785419,1.0014359670749546,0.0007168299008333199,1.0024148973949685,0.0012083480163447525,1.0015917635318226,0.0007935290423980464,1.002446862423952,0.0012251985387332826,1.0023185756927524,0.0011611098429897412,1.0024488632073578,0.0012246465614950339,1.0023483337971544,0.0011757681704556127,10.022062126393836
12.067926406393287,4.5522564699275785,0.9972097325725092,2.7007718532814016,5.229625778712342,0.4304108167480954,0.018266425879883055,0.6027578539892879,8.98183272861101,1.0011678081843065,0.0005855205899231953,1.0009548562871757,0.0004759066741111898,1.0011369422989487,0.0005695729999288465,1.0006609838111338,0.0003296151759227614,1.0010911229772155,0.0005466981670730662,1.0008002174402912,0.0003981715631022949,1.0011158684046713,0.000559496878014635,1.001054386405915,0.0005286259075148907,1.0011150811551544,0.0005585830463824503,1.0010588695544678,0.0005307102615258843,10.01015613651928
19.306977288832496,4.578072201226433,0.998354246796851,2.761694982417683,5.242150444832006,0.4159151466359523,0.01945386812973627,0.6164695759590938,9.055684017974473,1.0005796695138784,0.00029109981972657727,1.0005233228452366,0.00025995549992780263,1.0005696710633305,0.0002860765532894375,1.000345377079277,0.0001718562117791149,1.0005392840816945,0.00027070385294940215,1.0004713216566596,0.00023387375037341396,1.0005586355790859,0.000280650549107531,1.0005258221108708,0.00026409954110387135,1.000559850439434,0.0002810654782969419,1.0005224089825941,0.0002622771424559337,10.00519536335206
30.888435964774853,4.601015625181443,0.999001899201037,2.8066619833756548,5.243293341073491,0.40827361106676,0.020232630521382026,0.6254388985653841,9.103900464602672,1.000339207043123,0.00017075296361460655,1.000347221621414,0.0001718724245326965,1.0003377493451242,0.0001701087396943842,1.0002192565869503,0.00010880328154787739,1.000313911615438,0.0001579597052252155,1.0003357963106103,0.00016619057672355355,1.0003298832638694,0.00016616288377255755,1.0003092191908372,0.0001556915295032223,1.0003335045145048,0.00016788848324749575,1.0003040833013264,0.00015303935094502822,10.003169832793198
49.417133613238384,4.6258028982453885,0.9993786424640062,2.8435682073449087,5.233234260718558,0.4062809331878191,0.020734571324455327,0.6312133841939057,9.135031356769646,1.000242313332172,0.0001222676719745292,1.0002764688400791,0.00013650298307015817,1.0002440231891871,0.00012322035080788006,1.0001695465094564,8.394964531006314e-05,1.0002229713193165,0.0001124571019259132,1.0002796916416474,0.00013818795114645452,1.0002369290285074,0.00011963208148198291,1.0002214154567446,0.0001117407982075586,1.0002423924249664,0.00012231787190852936,1.0002164913329872,0.00010921660046248362,10.002352243075064
79.06043210907701,4.657764519643384,0.9996028100422174,2.8797545040048664,5.209786144637907,0.40972413917438144,0.0210546539083926,0.634892980043174,9.155212421768722,1.0002033475259249,0.00010276668138424492,1.0002479807244287,0.0001222751645376643,1.0002060698614443,0.00010421895152925334,1.0001499772050004,7.416720191791012e-05,1.0001862509786008,9.407599725784486e-05,1.0002557361873075,0.0001262459621992994,1.0001990022775276,0.00010063706723808307,1.0001857174462252,9.386372037472941e-05,1.0002057011197973,0.00010395719445142326,1.0001814404328289,9.167766673162706e-05,10.002021223759087
126.48552168552958,4.703838797907865,0.9997387362468736,2.922946500860572,5.16796392117263,0.4195273629951574,0.02125757485383276,0.6372238359710807,9.168919195853274,1.0001871649054197,9.465991147571178e-05,1.0002358091424581,0.00011621097175468216,1.0001901042314134,9.621228982657258e-05,1.0001419041198005,7.013637881687784e-05,1.0001709055359118,8.63855212214963e-05,1.0002444586286692,0.00012063868981806913,1.0001829000504678,9.256119892234059e-05,1.0001706403881778,8.630341613045056e-05,1.0001903676394748,9.627392815842322e-05,1.0001669776919948,8.4433959758197e-05,10.001881232333789
202.3589647725156,4.773906389543356,0.9998225857009526,2.9826442344157136,5.09912292817746,0.4380936065268362,0.02138604935263956,0.6386973057474954,9.179944124220144,1.0001794576946497,9.078687253294375e-05,1.0002293076312254,0.00011299043098947092,1.0001823505625782,9.230915810538063e-05,1.0001378190662917,6.810519937773994e-05,1.0001635675136042,8.2696888870836e-05,1.000237697600362,0.00011729309860175104,1.000175039165828,8.860529730535462e-05,1.000163326766253,8.262418485928214e-05,1.0001829399459565,9.253919861450495e-05,1.000160141503375,8.099960839444646e-05,10.001811647450124
323.7457542817647,4.882576393553172,0.999875422562277,3.072057281611712,4.989691694680007,0.4700114259827976,0.021467796302315056,0.6396315385816185,9.192859737158448,1.0001742667706939,8.816350048960393e-05,1.000223902058151,0.00011033234511250209,1.0001770391438067,8.962003136245616e-05,1.000134575868378,6.65031276202415e-05,1.000158664632373,8.021966488206473e-05,1.0002317538082108,0.0001143669553072662,1.0001697109199799,8.590930235371816e-05,1.0001583873430488,8.012631200756415e-05,1.0001777954076514,8.993781976652803e-05,1.0001555543177347,7.868205895463507e-05,10.001761650270028
517.9474679231214,5.051459413014988,0.9999099190643608,3.210830364409708,4.819753576081185,0.5233989847914695,0.02152070115823546,0.6402311170775083,9.215734743518107,1.0001688448004604,8.541109865909263e-05,1.0002172745134814,0.00010708566420286092,1.0001714775330932,8.679285280099335e-05,1.0001306452190184,6.456899197174969e-05,1.0001536279801557,7.766465255696562e-05,1.000224566090565,0.0001108380407012358,1.0001642480335546,8.313365014861484e-05,1.0001533144195442,7.755069939151888e-05,1.000172309413051,8.715241598168156e-05,1.0001507489385228,7.624336887508556e-05,10.001707056941447
828.6427728546843,5.311647423864018,0.9999339717754409,3.4288745100712195,4.562322674259599,0.6123269246959626,0.021556372598641068,0.6406279310997322,9.265708412725154,1.000161576784463,8.171602456170842e-05,1.000207816159061,0.0001024557544481834,1.0001640549939144,8.301527712781832e-05,1.000125017732982,6.180258611226024e-05,1.0001469541257892,7.427458133117833e-05,1.0002145578554589,0.00010592774274761964,1.0001570632385013,7.94779453822819e-05,1.0001466227333118,7.414873364434919e-05,1.0001649020104288,8.3386720774066e-05,1.000144282202386,7.295661068598698e-05,10.001632847836296
1325.711365590111,5.7053208737822665,0.9999526304939426,3.771368183592186,4.185359157941404,0.7608920436720574,0.021582502093852027,0.6409082347454204,9.38011012204492,1.00015119585713,7.643826718416958e-05,1.0001940783175434,9.572853337393916e-05,1.000153490866121,7.763966285215124e-05,1.0001168119281685,5.7767982688579345e-05,1.0001374729879438,6.945859320149034e-05,1.0002002377283734,9.89002688007258e-05,1.0001469068077353,7.431030887135484e-05,1.000137146358621,6.93312509861587e-05,1.000154305520599,7.800018169036258e-05,1.000135025012273,6.825149079600011e-05,10.001526671384509
2120.950887920193,6.283884291032541,0.9999690828614058,4.3038240872739015,3.6601819625683567,1.0090928448875982,0.021604341424204608,0.6411297511138851,9.635832987267946,1.0001366450039357,6.904473276457032e-05,1.0001747983049913,8.627924174716866e-05,1.0001387101693964,7.012342083584654e-05,1.0001052661886791,5.208748460720558e-05,1.0001242140618405,6.272740253966704e-05,1.0001802844100425,8.91013198213466e-05,1.000132736761453,6.710485894495362e-05,1.000123914569881,6.26085843976095e-05,1.0001394501900487,7.045324821400086e-05,1.0001220360136602,6.165331796670161e-05,10.001378055673928
3393.2217718953298,7.0981991629280925,0.9999849623992516,5.112887474469995,2.9799864793017785,1.4183157609962955,0.02162551257971307,0.641331442465658,10.174146669813439,1.0001173941236976,5.9272323009844076e-05,1.0001494134069655,7.38220154693483e-05,1.0001191703008308,6.0197149433149536e-05,1.0000900383687963,4.45878022640431e-05,1.0001066912967371,5.383961500238018e-05,1.000154093158319,7.622449869895937e-05,1.000114026212249,5.75999470694745e-05,1.0001064384672633,5.373792685449529e-05,1.0001197982827945,6.0478998267855124e-05,1.0001048442733962,5.292833834295785e-05,10.001181907891048
5428.67543932386,8.176838258680117,1.0000002845723004,6.292426453744347,2.1859084502987067,2.0681046784561596,0.02164825679422538,0.6415374952962789,11.209625334589719,1.0000940751814094,4.745039598637238e-05,1.0001189214276636,5.883277922159743e-05,1.0000955068368975,4.819270279562034e-05,1.0000717206502285,3.5553857271303014e-05,1.0000854787911482,4.30937503176377e-05,1.0001226659312183,6.07495556934694e-05,1.000091378504489,4.611067979156349e-05,1.0000852855486975,4.301499336252617e-05,1.000095996300722,4.841416327065485e-05,1.00008401666379,4.2371729514762704e-05,10.000945045836263
8685.11373751352,9.49591106630941,1.0000135354798785,7.902418422208536,1.3810779868523433,3.029840394567561,0.021673314612463725,0.6417575011550352,12.97676761939594,1.0000689659311992,3.4742180686754865e-05,1.0000864534655909,4.2837651126801826e-05,1.0000700255461379,3.528873965256313e-05,1.0000521879346742,2.590389778202901e-05,1.0000626483543176,3.154661512710936e-05,1.000089205213118,4.424117894856115e-05,1.0000669964393352,3.376312392348979e-05,1.0000625170414488,3.1492280630499297e-05,1.0000703697278315,3.544603208775949e-05,1.0000615897503025,3.1023176272788864e-05,10.000690959403956
13894.954943731389,10.959803566457751,1.0000225278507355,9.905065715315867,0.7028414721540881,4.312589978241923,0.021699810864720344,0.6419862017550452,15.584183178331646,1.0000455550035305,2.2916725925285394e-05,1.0000565768684304,2.8082480230335017e-05,1.0000462633036535,2.3279957445254666e-05,1.0000341871613034,1.6992897314954625e-05,1.000041371129062,2.080499524174658e-05,1.000058403148639,2.9010333821877613e-05,1.0000442615091576,2.227321025752268e-05,1.000041292706983,2.0771930997938842e-05,1.0000464790446464,2.3379761202462053e-05,1.000040680734959,2.046305368855333e-05,10.000455070610366
22229.96482526196,12.419118955284741,1.0000259923884571,12.127435004607687,0.2524105322337373,5.816964350442343,0.021725670841797003,0.6422074505524814,18.860743008678043,1.0000269549798286,1.3540887668302821e-05,1.0000331670562057,1.649104000492416e-05,1.000027379357888,1.3757252753318413e-05,1.0000200613118757,9.985437825516625e-06,1.000024473135036,1.2290934391781995e-05,1.000034253691778,1.7041048431800954e-05,1.0000261946725257,1.3162289076876244e-05,1.0000244318825466,1.2273138019346205e-05,1.0000274998524594,1.3813770901557196e-05,1.0000240696601936,1.2090727297672987e-05,10.000268485600337
35564.80306223129,13.726249208985331,1.000024581394376,14.309220796106525,0.0405762445397299,7.355512999350855,0.02174863324959929,0.6424030127008622,22.36946168594757,1.0000143698252626,7.209600125763615e-06,1.0000175349930982,8.731873981037034e-06,1.0000145986823983,7.325669558804256e-06,1.000010615428471,5.290322923649412e-06,1.0000130437954706,6.5430625145953924e-06,1.0000181173295852,9.02569660348395e-06,1.0000139671168122,7.0088815571634475e-06,1.0000130243356593,6.534445556477246e-06,1.0000146593990784,7.354555843605712e-06,1.0000128310774947,6.437316187871649e-06,10.00014276198333
56898.66029018305,14.789607157001965,1.0000203276634931,16.216990940169993,0.0018821737796775309,8.740041540913102,0.02176725282822001,0.6425612035861896,25.623243111277183,1.0000070072691427,3.5120441251480057e-06,1.0000084930632724,4.234460570828432e-06,1.00000711993396,3.568939630730637e-06,1.0000051452049858,2.5667377611700076e-06,1.0000063594833972,3.1869496187721943e-06,1.0000087782617209,4.378021403615529e-06,1.0000068119841858,3.4146267231676214e-06,1.000006351017691,3.183098963981867e-06,1.000007148117316,3.5825242745823955e-06,1.000006256696727,3.135769647084077e-06,10.000069471032399
91029.81779915227,15.589056298642532,1.0000153053243936,17.729531796572584,0.05171191692603957,9.85928176591148,0.021781237261999643,0.6426798556527161,28.304986572324818,1.0000031868171535,1.5959884477483292e-06,1.0000038429495564,1.9177525845693582e-06,1.0000032384260826,1.6219666286836695e-06,1.0000023293357803,1.162882305400232e-06,1.0000028918152923,1.448118501883106e-06,1.0000039730754697,1.983157169151724e-06,1.0000030983895625,1.5518457071411775e-06,1.0000028883196552,1.446488651445529e-06,1.0000032507496233,1.6279715497947557e-06,1.0000028453927168,1.4249737522882288e-06,10.000031545270893
145634.84775012446,16.155243040625187,1.0000108038182272,18.84122486572068,0.12794416708233752,10.692503533950644,0.021791139383061615,0.642763806619266,30.326227512755985,1.0000013774546952,6.894606072597623e-07,1.0000016550909312,8.264598988358227e-07,1.0000013998765174,7.007210898164865e-07,1.0000010035774247,5.012839246333159e-07,1.0000012498230568,6.255398295738635e-07,1.000001711464377,8.547768613561771e-07,1.0000013393537883,6.704307583471838e-07,1.0000012484214793,6.248727155898412e-07,1.0000014050506423,7.032633081419532e-07,1.0000012298569776,6.155759206207283e-07,10.000013619969891
232995.1810515372,16.53951075307415,1.0000073033210295,19.614809535636702,0.1990058974327269,11.277131054253747,0.021797860456565902,0.6428207629746021,31.755565110754343,1.0000005747590668,2.875771965038612e-07,1.0000006889219217,3.441471238333612e-07,1.0000005841475303,2.922848269435402e-07,1.000000417838474,2.0878365826295818e-07,1.0000005214688905,2.6090380122363865e-07,1.0000007124806642,3.5598380983687537e-07,1.0000005588956666,2.7965112597489405e-07,1.0000005209152103,2.6063606564426136e-07,1.0000005862630124,2.93330431339048e-07,1.0000005131660559,2.567575809833067e-07,10.000005678856494
372759.3720314938,16.792843418278,1.0000047987977818,20.13322499323973,0.25439362657364595,11.670995477370065,0.021802291951280587,0.6428583066778795,32.7232746958126,1.0000002342389354,1.1717089855860471e-07,1.0000002803137553,1.4006093868658676e-07,1.0000002380739617,1.1909190406819399e-07,1.000000170041461,8.498553881333094e-08,1.0000002125116703,1.06299898094987e-07,1.0000002899246645,1.4489575846588143e-07,1.0000002277833153,1.1394456644980351e-07,1.0000002122944174,1.061936456531858e-07,1.0000002389243812,1.195139476684769e-07,1.0000002091355158,1.0461318033812674e-07,10.000002313242076
596362.3316594637,16.956675840465845,1.0000030958895472,20.472047159711387,0.29382464067677544,11.929279092544348,0.021805158151111236,0.6428825852067489,33.35983863629037,1.0000000940052025,4.701567807930788e-08,1.0000001123790498,5.615590332678371e-08,1.000000095546579,4.7787255326413174e-08,1.0000000681776893,3.407991131836509e-08,1.0000000852831783,4.2652792465227074e-08,1.0000001162386312,5.8102417830673184e-08,1.0000000914168736,4.572189158454103e-08,1.0000000851981736,4.261089496876181e-08,1.0000000958848188,4.795556886477602e-08,1.000000083930231,4.197666566834325e-08,10.000000928060427
954095.4763499964,17.061315356640193,1.0000019740547554,20.68991366653474,0.3204929907741657,12.095709940031519,0.021806988936752755,0.6428980915645527,33.77082167784173,1.0000000373553213,1.868093696619978e-08,1.0000000446269677,2.2299192420797738e-08,1.000000037968411,1.8987704224272976e-08,1.0000000270759681,1.3535748645234402e-08,1.000000033888798,1.6947206101286594e-08,1.0000000461613083,2.3076425564710428e-08,1.0000000363274086,1.8167075886459797e-08,1.0000000338555752,1.6930746090989546e-08,1.0000000381020426,1.9054318126449133e-08,1.0000000333516739,1.667873065109184e-08,10.000000368713474
1526417.9671752362,17.127617668343287,1.0000012494505337,20.82855152459702,0.33798958784876665,12.201757919828207,0.02180814905726224,0.6429079169585353,34.033015098289795,1.0000000147507035,7.3761651192846835e-09,1.000000017614686,8.80009145566042e-09,1.0000000149929438,7.497340530366765e-09,1.0000000106876032,5.34324767902587e-09,1.000000013381705,6.691549623923242e-09,1.000000018220722,9.109312674133286e-09,1.0000000143449623,7.173318601684758e-09,1.0000000133687255,6.685097859157121e-09,1.0000000150455153,7.523576499867812e-09,1.0000000131697342,6.585585666702765e-09,10.0000001455773
2442053.0945486547,17.169416588094446,1.0000007871280308,20.91618371954575,0.34925800788691064,12.268846145812054,0.02180888042546861,0.6429141108383384,34.19901086450852,1.0000000058018312,2.9011169121747688e-09,1.0000000069264707,3.4591166039092383e-09,1.0000000058971468,2.9487882645202403e-09,1.0000000042027086,2.10121779272607e-09,1.0000000052633324,2.6318382597881235e-09,1.0000000071648782,3.5821811042438932e-09,1.000000005642282,2.8213479326679777e-09,1.00000000525826,2.6293123191004588e-09,1.000000005917777,2.9590911201382066e-09,1.000000005179989,2.5901723666181903e-09,10.000000057254676
3906939.937054621,17.1956839046115,1.0000004944229814,20.971347340930734,0.35643380756708565,12.311099596162233,0.021809340050234605,0.6429180032687322,34.30360808797902,1.0000000022762918,1.1381958552762168e-09,1.0000000027170792,1.3560663449236626e-09,1.0000000023136968,1.1569018798594977e-09,1.0000000016486457,8.242893741999356e-10,1.0000000020650077,1.032546793423083e-09,1.0000000028106264,1.4052503054942813e-09,1.0000000022137039,1.1069032177711346e-09,1.0000000020630255,1.0315583984281585e-09,1.0000000023217783,1.1609397500721302e-09,1.0000000020323154,1.0162023731366735e-09,10.00000002246217
6250551.925273976,17.21215775502126,1.0000003099943833,21.005980774555088,0.3609714070326655,12.33763629610426,0.021809628316490158,0.6429204444808131,34.36931855048932,1.0000000008916725,4.458490423705992e-10,1.0000000010642283,5.305921184764452e-10,1.0000000009063277,4.5317714265203825e-10,1.0000000006457492,3.2286689133776415e-10,1.0000000008089058,4.0446403392039607e-10,1.0000000011008756,5.504224085298007e-10,1.0000000008671575,4.335921317369775e-10,1.0000000008081316,4.040778396238951e-10,1.0000000009094907,4.547581660707681e-10,1.0000000007961019,3.9806241802003473e-10,10.000000008798644
10000000.0,17.222476525897967,1.0000001941372951,21.02768864799248,0.3638282386603967,12.354272623202148,0.02180980888094367,0.6429219735959538,34.41052129233192,1.000000000348942,1.744745703468856e-10,1.000000000416442,2.0727557821166402e-10,1.0000000003546778,1.7734270922996873e-10,1.0000000002526899,1.2634309106595303e-10,1.0000000003165521,1.5827941581191755e-10,1.0000000004307843,2.1538855119285655e-10,1.0000000003393494,1.6967827945045624e-10,1.0000000003162497,1.581283744797586e-10,1.0000000003559146,1.7796096482052562e-10,1.000000000311542,1.5577423454674206e-10,10.000000003443144
