,N6 (e),H61 (e),N1 (e),C10 (e),H101/2/3 (e),C6 (e),$V_\eta (kJ/mol)$
0.001,0.572455285319881,0.08202707001069501,-0.007837085188150936,-0.7071218363720011,0.11017241394595033,-0.2700406756082749,-3.213463351474651
0.0015998587196060573,0.5374863144982615,-0.04244256855291453,-0.0765117348794857,-1.4682633565821241,0.3442622111805709,0.016944711974550275,-3.719177208113059
0.002559547922699536,0.536144968811864,-0.04215589804619722,-0.07599333704282736,-1.4626005013212922,0.3426817707829796,0.016559455249513744,-3.7046330951475506
0.004094915062380427,0.5561304358335178,0.08555371475853027,-0.009554398205896103,-0.7040291513490103,0.11191873286486298,-0.2638567996317306,-3.154020072190525
0.006551285568595509,0.5309177519443149,-0.04102142012350203,-0.07389094346266613,-1.4399438388439803,0.336349111078157,0.014891117251362496,-3.647662735156771
0.010481131341546858,0.5262754066710578,-0.03998962696188137,-0.07189054744618967,-1.4189064812259686,0.33045932648675497,0.013133269502716982,-3.5967923290583688
0.016768329368110083,0.519761789645394,-0.038520764317634765,-0.06880658890586491,-1.3875300083399182,0.3216663014353353,0.010096667612017884,-3.525051396666458
0.02682695795279726,0.5111426177628153,-0.03660220251684093,-0.06410098675717787,-1.3419146941224696,0.308890015660218,0.004805218653018972,-3.429363209803247
0.04291934260128778,0.4996414303425046,-0.034356252280747,-0.05702608049707802,-1.2756812646009668,0.2904392407421879,-0.0038955551902765118,-3.299317084208954
0.06866488450043001,0.23506735197544967,0.012804581177659258,-0.00744304576359356,-0.11677128281430553,-0.012114022415903881,-0.0873155373274982,0.9104977445201238
0.10985411419875583,0.19780072780331195,0.002787972480986697,-0.007163934785200312,-0.08167518732889313,-0.014037909393422133,-0.06963584998993883,1.1013615779175203
0.1757510624854793,0.1598222759669858,-0.0033592311127772015,-0.0081335174380192,-0.058997201711722146,-0.012745830521017954,-0.051094834141413394,1.2367535273483008
0.28117686979742307,0.12420400079161881,-0.006480970636932498,-0.009213587166955242,-0.04146286962638684,-0.010672429858639995,-0.03502928378542425,1.338604371062692
0.4498432668969444,0.09350775894164545,-0.007588397586533022,-0.009656812137655962,-0.02806362093907091,-0.008496436785912644,-0.02270961792064763,1.409134685337133
0.7196856730011522,0.06836067799694749,-0.00738183237154572,-0.009229803235295417,-0.01832267273749096,-0.00647848177049893,-0.0139909243411186,1.4530562748117204
1.151395399326448,0.04854445210634979,-0.006400557154225886,-0.008069128034361937,-0.011603287817191695,-0.004746774736029322,-0.00823115489248231,1.4767614424920892
1.8420699693267164,0.033514276551149476,-0.005089871024645537,-0.00650928906902436,-0.007184181553570864,-0.003354161823028541,-0.00466844943482309,1.4868024574183838
2.9470517025518097,0.022550621502769725,-0.003780096804104159,-0.004901722151035677,-0.004390068985503909,-0.0022959062779609007,-0.002591014728243278,1.488850849359834
4.714866363457395,0.014845911442904591,-0.002661393529184137,-0.003491159526413346,-0.0026689526915902135,-0.0015309770604041194,-0.0014314745145045365,1.487108019041186
7.543120063354623,0.009603182206039326,-0.0017991190997485506,-0.002382306094526773,-0.0016216465221543595,-0.0010005374986317046,-0.0007984979937145286,1.4841116842718451
12.067926406393289,0.00612727441231554,-0.001179766648412194,-0.0015748211816990379,-0.0009865357523346058,-0.0006441779936200458,-0.00045361684900956426,1.4810387590634322
19.306977288832496,0.00386668128264452,-0.0007558338654927198,-0.0010170018377165908,-0.0005997008943583877,-0.0004104448399094987,-0.0002628101653483257,1.4782174856175618
30.88843596477485,0.00241637200837307,-0.00047491503112941563,-0.0006451792454390939,-0.00036254754253893046,-0.000259696247918066,-0.00015464144551143196,1.4755136016249475
49.417133613238384,0.0014944557344551022,-0.0002926321114445831,-0.00040296304164372726,-0.00021632165072580305,-0.0001635649273923005,-9.184414846408732e-05,1.4725444693305916
79.06043210907701,0.0009120931230030975,-0.00017599958591274118,-0.00024758195329501446,-0.00012587727098195016,-0.00010268209932416905,-5.458801484088449e-05,1.4687464932602368
126.48552168552958,0.0005457292424270927,-0.00010204616711839824,-0.00014888268032706996,-6.972610895725663e-05,-6.432039535828746e-05,-3.211309994950558e-05,1.463326922764751
202.35896477251555,0.00031595854990458733,-5.545784198845866e-05,-8.660607542650207e-05,-3.481479558109458e-05,-4.022709425776076e-05,-1.8398554135249753e-05,1.4551355121149208
323.7457542817647,0.0001722717466344477,-2.6279211182494808e-05,-4.751997806546672e-05,-1.3088169503646051e-05,-2.5139823716422055e-05,-9.964916733573948e-06,1.4424680853517362
517.9474679231213,8.282348128337804e-05,-8.15276119779368e-06,-2.31356323169597e-05,3.755043291527503e-07,-1.5714497679553167e-05,-4.767099059117907e-06,1.422804606118196
828.6427728546843,2.763985160239062e-05,2.92943060646003e-06,-8.079626349984741e-06,8.647763183327213e-06,-9.855312466041815e-06,-1.5714816440676729e-06,1.3925200989921473
1325.711365590111,-5.690205820795078e-06,9.454544474068185e-06,1.0096938074189344e-06,1.3591675675587298e-05,-6.243816757944343e-06,3.6574213755368893e-07,1.3466933792767566
2120.9508879201926,-2.4809984693247334e-05,1.2941347414609649e-05,6.211497693848609e-06,1.632751972789625e-05,-4.055127172690921e-06,1.4950013749655881e-06,1.2793184491535394
3393.2217718953298,-3.4387516202150294e-05,1.4305293960779585e-05,8.801661477525492e-06,1.749118212789441e-05,-2.7657003835018775e-06,2.086479786456438e-06,1.1844303560966494
5428.67543932386,-3.731701571308531e-05,1.4118678143271141e-05,9.58273338043108e-06,1.739338919947547e-05,-2.025729572296362e-06,2.299403706796702e-06,1.0586497096095853
8685.11373751352,-3.560820053378617e-05,1.2811449977761242e-05,9.11648912442382e-06,1.6236321391749136e-05,-1.5985880500542786e-06,2.2397041900148096e-06,0.9047013475297426
13894.954943731389,-3.0923241875057033e-05,1.0795385724408054e-05,7.872236520228923e-06,1.4204462024472552e-05,-1.3127243183671816e-06,1.9893305610490474e-06,0.7337276873739312
22229.964825261955,-2.4823763016128923e-05,8.498833123487256e-06,6.277999562005378e-06,1.162674649765607e-05,-1.070748260076221e-06,1.6324286132088836e-06,0.5632032564663919
35564.80306223129,-1.864170639475609e-05,6.299796196546723e-06,4.685331422134782e-06,8.921377541665477e-06,-8.380991971650884e-07,1.2494988259043736e-06,0.4104344722183911
56898.66029018305,-1.3262303136552373e-05,4.442873967227334e-06,3.316117566860502e-06,6.467371252938745e-06,-6.221703187841857e-07,9.024513058783494e-07,0.2861657546355991
91029.81779915227,-9.054121523643604e-06,3.0155176425731326e-06,2.2550054716958143e-06,4.479920275090482e-06,-4.397753782795176e-07,6.230042691227282e-07,0.1927585313075479
145634.84775012443,-5.999944086397493e-06,1.9907359631102e-06,1.4902103546310571e-06,2.9992690647029258e-06,-2.9876742686514606e-07,4.160309845487481e-07,0.12662320779817596
232995.1810515372,-3.895550906739981e-06,1.2893363676606402e-06,9.657117632776245e-07,1.9610103699509725e-06,-1.9734183849979387e-07,2.7151792135012537e-07,0.08174718023551096
372759.3720314938,-2.4949834781273614e-06,8.244826508309352e-07,6.177379902409755e-07,1.2617795101502617e-06,-1.2783546064728557e-07,1.744897088470457e-07,0.052167250534352276
596362.3316594637,-1.5838268176077937e-06,5.228630383638589e-07,3.9182645382512294e-07,8.033760172032449e-07,-8.17491527093482e-08,1.1100876634361186e-07,0.03303998929173941
954095.4763499963,-9.997030365566672e-07,3.2982049708038277e-07,2.4719128227713724e-07,5.080528719836031e-07,-5.1842377549420006e-08,7.016551786380418e-08,0.02082444662090894
1526417.9671752364,-6.287698064676278e-07,2.0735211270731888e-07,1.5541157213219492e-07,3.200140754371478e-07,-3.272842659276395e-08,4.417732596925804e-08,0.01308462735966675
2442053.0945486547,-3.9451611841540186e-07,1.3007253882914133e-07,9.749589824124066e-08,2.0090626464192267e-07,-2.0563133727091576e-08,2.773081788437193e-08,0.008205610462128542
3906939.937054621,-2.471856793143836e-07,8.148585982168495e-08,6.107984226380609e-08,1.259279023734268e-07,-1.2895954780050136e-08,1.7379939195616176e-08,0.005139556421360805
6250551.925273976,-1.5473882153272812e-07,5.1005367357802394e-08,3.8233021728428005e-08,7.885476620190522e-08,-8.078861759844854e-09,1.088225152412707e-08,0.003216652608404776
10000000.0,-9.681315699510062e-08,3.190961135350756e-08,2.391921229568838e-08,4.9347343349759067e-08,-5.05755595495925e-09,6.8096578610233765e-09,0.0020122046331118608
