,loss,kish ratio,chi2s A1,chi2s A2,chi2s A3,chi2s A4,chi2s A5,chi2 tot,Kish size A1_MS,D_KL A1_MS,Kish size A1_MD,D_KL A1_MD,Kish size A2_MS,D_KL A2_MS,Kish size A2_MD,D_KL A2_MD,Kish size A3_MS,D_KL A3_MS,Kish size A3_MD,D_KL A3_MD,Kish size A4_MS,D_KL A4_MS,Kish size A4_MD,D_KL A4_MD,Kish size A5_MS,D_KL A5_MS,Kish size A5_MD,D_KL A5_MD,Kish size tot
0.1,0.024849244319489358,0.0008303423545047428,6.704902210803541e-06,1.963018335453928e-06,1.5970186491886723e-05,1.501400009790071e-06,9.566665815753694e-05,0.0001218061652054712,16974.28533258882,8.40161806803348,3845.863157749328,6.133784252846406,1750.9802295179727,5.70291908238533,377.72695257695443,4.526971102147712,4342.042699202268,6.980991307832911,897.0234428038656,5.023940468027495,2889.8180741265824,7.034803349333166,2263.03905479762,6.998687501834051,2308.4850908208873,6.501791196861416,7834.970317971739,8.03729470532087,43484.23435215605
0.13257113655901093,0.032916697992753575,0.0008304677014872085,1.1821054719776711e-05,3.3335444994822634e-06,2.7577170884811883e-05,2.6705098893574927e-06,0.00016769034447096595,0.0002130926244643943,16961.34310268972,8.400552589192115,3841.3085477207333,6.132726967624617,1754.8491487208007,5.70312149337835,377.5088055231155,4.526195019863434,4343.479294722549,6.981152621458994,896.3034795163784,5.0227844331321005,2888.9683586290234,7.034067666309034,2261.633159364139,6.997792258262568,2309.027344176547,6.50197344826954,7826.285519369566,8.035303490773346,43460.706760432564
0.1757510624854792,0.04359210888651666,0.0008306226613433257,2.0761410795537767e-05,5.642704738879889e-06,4.790821676674225e-05,4.6861737044275895e-06,0.0002940367325520014,0.0003730352385575889,16945.063149177542,8.399186150770793,3835.260043547197,6.1313427759203245,1760.0071985291409,5.7033979625676,377.2370188592297,4.525201972010441,4345.2758953948805,6.981342320801365,895.380316810612,5.021283461638072,2887.9097671605987,7.033120484126191,2259.8045367499903,6.9966328506025235,2309.8428097768365,6.502250316571877,7814.7792147943965,8.032669475556988,43430.55995080042
0.2329951810515372,0.057710203226889134,0.0008308465953850843,3.671485788239986e-05,9.435391218211627e-06,8.293631627607194e-05,8.202830324240037e-06,0.0005164181596849165,0.00065370755538584,16923.223382458393,8.397326396400357,3827.10769005395,6.129456012932942,1766.7512353797822,5.7037261534148875,376.8704247556934,4.523859226530287,4347.496097315759,6.981536220931919,894.132445947149,5.019255784970489,2886.4573211804773,7.031838306436004,2257.3662928394974,6.995076618948638,2310.899942576266,6.50259061677455,7799.447730862109,8.029151017453023,43389.752563369075
0.3088843596477481,0.0763667088215317,0.0008311323206514891,6.439181707905372e-05,1.5681706948331914e-05,0.00014284664183092155,1.4419710047511936e-05,0.0009014256945577098,0.001138765570463529,16895.312319786604,8.394920452154404,3816.3362884847,6.126967149058332,1775.608999157962,5.704156186788379,376.4056444030615,4.522126590227251,4350.221026273872,6.981738301419356,892.5214488797054,5.016619811524902,2884.566018852168,7.030163000175886,2254.207495598223,6.993059296963817,2312.3828299383135,6.503058231629789,7779.357699584643,8.02454006875145,43336.91977095926
0.40949150623804254,0.10099547173984832,0.0008315348179228146,0.00011311734513517876,2.5645825277872932e-05,0.0002455035161052469,2.51693165691798e-05,0.0015742635660566176,0.001983699569144096,16857.589756537334,8.391638853748072,3801.9721131297,6.123603128998506,1787.152326633002,5.704665077209317,375.7794996937925,4.519791617948584,4353.606136443668,6.9819254271651845,890.3534839978191,5.013077311662262,2881.963865705974,7.02789779432806,2250.0087049145404,6.9903536471842305,2314.3226779118913,6.503636115288164,7752.719763220656,8.018409582500503,43265.468328188384
0.5428675439323859,0.1334650966911168,0.0008322044680670356,0.000199465898760731,3.975328292619065e-05,0.00041557061667865696,4.386964331810658e-05,0.0027462066418680845,0.0034448660835517697,16803.984476159258,8.386916992673315,3782.426587196261,6.1188365367956,1801.6081941098212,5.705079193209848,374.86900726736496,4.516469310816119,4357.402335057631,6.981901194146366,887.2800851886014,5.00811964820653,2878.0480455502934,7.024685868591833,2244.3194663247173,6.986610860683236,2316.45544929402,6.504129981366635,7717.334404291648,8.010199067561697,43163.72805043962
0.7196856730011519,0.17619775635916338,0.0008331572965093655,0.0003515018418663317,5.991670036060655e-05,0.0006987323064996743,7.628424715050872e-05,0.004780372180575524,0.005966807276452645,16732.266578342802,8.380483183707906,3756.2166241106556,6.112331217331844,1820.1416151445703,5.705448577464999,373.65210588205224,4.511998901463432,4361.56724849627,6.981582379802112,883.1539579614116,5.0014551104542555,2872.6235075461013,7.02032558630618,2236.80918655237,6.981608173111582,2319.257441751166,6.50467123517296,7670.561486066983,7.999297868518659,43026.249751854375
0.9540954763499939,0.2323112112277265,0.0008346132032416405,0.0006203736142768062,8.44881699200783e-05,0.0011581544881513865,0.00013170651939900437,0.0082966566812746,0.010291379473021875,16635.00995759042,8.371509090161394,3720.662477678173,6.103246875806307,1843.1902564101674,5.705491811382985,371.9824769816586,4.5058477270043635,4365.249983179599,6.980532582509485,877.4963194199181,4.9923254163765645,2864.8820688516116,7.0142938944624404,2226.8400146676045,6.974838041270885,2322.6651906308543,6.5050565967231995,7608.662089438352,7.984757840019339,42836.64083484835
1.2648552168552958,0.30578177551819313,0.0008368721792278812,0.0010952711586383417,0.00010861720927736324,0.0018869588859285872,0.00022592363052167182,0.014350929693238128,0.01766770057760409,16500.176235292703,8.358771292660533,3672.4444117836124,6.090455296069022,1871.2022457571268,5.70481765137396,369.6389681939717,4.497252596602949,4367.54360830215,6.978226421689955,869.6398061053242,4.979690556249821,2853.560570959547,7.0058211473056025,2213.512375732313,6.965561444978703,2326.529126098234,6.5049702722106515,7526.747366184251,7.965314949505407,42570.99471440924
1.6768329368110082,0.4016191689122251,0.0008404330340911382,0.001934946048051829,0.00011922963785466548,0.0030068372104055468,0.00038262066926167014,0.0247323510899073,0.030175984655481013,16313.302896551933,8.340551348440567,3606.746732841948,6.072276647475402,1904.0201797039954,5.702680386773189,366.33291113137454,4.485149173830453,4366.129112324648,6.973607093696236,858.6713382194719,4.96206546689693,2836.9383037348625,6.993840526270062,2195.6697868762913,6.952777339229239,2330.6464554025697,6.503890799802147,7418.158287767692,7.939194366031446,42196.61600455479
2.2229964825261943,0.5260314547358662,0.0008461224169611328,0.003423465666623091,9.600766454071372e-05,0.0046600794208828894,0.0006355593993693317,0.04240043973577588,0.05121555188719191,16051.942626958591,8.314157796016486,3517.2025783923345,6.046256358203444,1940.17376994176,5.697759043752174,361.6181742930132,4.4679178966525095,4357.2574553832765,6.965002800759511,843.2556434884897,4.937260671335153,2812.2940862434325,6.976722503756383,2171.6767109451525,6.934979767224925,2334.3324016601446,6.500849132463924,7274.191272925127,7.903953625226919,41663.944720231324
2.9470517025518097,1.5631817835793376,0.01003745524428813,0.413089805652955,1.3507691878158858,0.27277494151219583,0.0042043824067906615,0.8219263841929135,2.862764701580741,206.1077449054391,3.258613691313548,104.46461026256766,2.7284726314775756,142.85331162686066,3.190614388290707,48.312873262878945,2.224601328664677,177.07411612842006,3.2696866730593848,36.60859446826004,2.0534782893825794,160.54952745178392,3.4465903696954245,117.19734565413997,3.085335007599243,564.4635287050114,3.9554610105737886,197.97506952077282,3.4052236890135266,1755.6067219861345
3.906939937054617,1.5999330009966244,0.011743761400926029,0.4067615737135392,1.4257971824533748,0.31267209287578923,0.006800322747293632,0.7717614401660752,2.923792611956072,173.25588633540897,3.126963066663003,86.35912384980584,2.611109075934957,123.96698199017342,3.053357445843434,41.41063248807019,2.1167766164195223,138.74868331625382,3.1074901967269786,31.67551380396656,1.9543785270471874,148.12223468542962,3.3378428203460913,105.0475474628197,2.97862459553049,514.8938163741901,3.7977484629348592,157.26352781387448,3.2311130754935635,1520.7439481199926
5.17947467923121,1.6427208314750417,0.012573174407116559,0.4141394276551276,1.4634105208644197,0.3238214680327197,0.007555401942824591,0.7418709214891773,2.950797739984269,156.75341792678753,3.073319398352699,82.43665050161887,2.5705242988355868,114.86694108765356,2.9985702876091445,38.52266916757888,2.0725157444624367,127.57296180200717,3.0523776313578446,29.69257531843407,1.91403848015985,146.49350284430855,3.305926769762806,102.39789004704011,2.945802423935591,486.8585058343397,3.7359959458775283,147.43606860794495,3.1829998134793347,1433.0311831377132
6.8664884500430015,1.6952621037807754,0.01343997580135333,0.4266639118780137,1.500778654863199,0.33028970395030394,0.00847910617917573,0.7100650592814565,2.9762764361521485,141.7809272233962,3.0202586485053327,79.10109761420405,2.5301334799376725,106.75091839497485,2.946492833045783,35.98352933809981,2.0303289180185358,118.78652109256876,3.0006871315457517,27.878271597352295,1.87577902105451,143.83080591960675,3.269908038788113,99.3198771888172,2.9103562801735654,454.5612308737681,3.670091504159414,139.9302562334703,3.1394516455736685,1347.9234354762584
9.102981779915217,1.7605611072318996,0.014556557764323413,0.4437469184493542,1.5433606074133412,0.3352347530266949,0.010060520150470334,0.6726508429471546,3.0050536419870157,126.5281843954315,2.954300874629236,74.52412122300377,2.476952680429366,98.22781442515692,2.8828625358887248,33.28873886129691,1.9800059666217757,109.4073703751395,2.9358854224781092,25.868616999013682,1.8303502401607978,138.01924993562685,3.2148559504499703,94.32089308700523,2.8587343287513076,414.1745877257071,3.581673490586279,131.3027568634575,3.0807099543703003,1245.662333890839
12.067926406393287,1.8419240774831591,0.016138808757810076,0.4659204976349183,1.5949423365064397,0.34006334585484194,0.012795565358555637,0.6276900136979122,3.041411759052668,110.24150414932403,2.866102489964912,67.91566898883802,2.4023859447973357,88.57221839817423,2.79814943971622,30.204208082621953,1.9149565197934844,98.30023392462786,2.8477251449552776,23.502400530365314,1.7718363863404571,127.78342394077063,3.129920174397132,86.67521500434916,2.7815765354424586,363.80497337221755,3.4579414251135634,120.08756024854186,2.994650565438577,1117.0874066398305
15.998587196060571,1.9428653298634784,0.01852954540568311,0.494473566524982,1.6602484172126488,0.3459305077211828,0.017323988121458606,0.5742249884714028,3.092201468051675,92.54733476540481,2.745854887458067,59.00506221737436,2.297901606856492,77.28706601812637,2.6824799942308943,26.585270039721365,1.8284838612923022,84.95699520863947,2.7261028179749753,20.698628616988092,1.6942832526518965,112.51857449240471,3.003888648379021,76.08266088903501,2.669349312622718,302.89697722250605,3.285808645116813,105.48057846001225,2.8696030246246873,958.0591479302125
21.209508879201906,2.0665974792287023,0.02237158219047635,0.5314737340098621,1.7459606954378304,0.35429998784195643,0.02441011563613369,0.512765077289286,3.1689096102150685,73.54024345721488,2.581815559588334,48.03674426171564,2.153727207996863,64.14046243161826,2.5238871723468184,22.376610078070122,1.7127014208924134,69.37625802630474,2.5592123498112427,17.458594847253305,1.590718742003759,92.51824943050556,2.8236292488706325,62.73029008814992,2.510863761773119,233.1044377697875,3.0504518276925743,87.24939209548086,2.6920615444384266,770.5312824861008
28.117686979742302,2.215021993040456,0.028973201809811375,0.5799800503851991,1.8614511808470564,0.3670181322687465,0.03458772023829745,0.4465081868232656,3.2895452705625647,54.08328955441136,2.360797211904432,35.90379820916315,1.9595066437117399,49.43568499292314,2.308636367504913,17.68889302911758,1.5590336382868102,52.295848386364256,2.334156683964725,13.91013459069559,1.4535036151224374,69.38360911200405,2.5748045067181353,47.539242263569,2.293866210743365,160.00454567146676,2.737674419067005,66.14472146314083,2.4474085965634993,566.3897672728557
37.27593720314938,2.3872232508646998,0.041078930840167914,0.6442243649378606,2.0179261120391714,0.385778861930432,0.04704665237851064,0.3829192944597782,3.477895285745753,36.02508119408967,2.0733573043893365,24.201230244218575,1.7091671333343819,34.422932912655504,2.0264443886695,12.911165618082922,1.3620222203152368,35.50165265697599,2.042715818557719,10.357991752890085,1.2774417025469664,46.31672927124669,2.248322154163109,32.40942204711093,2.010493687509316,94.04707486315097,2.3438541785078613,44.54061816157895,2.1269359615437033,370.7338987220003
49.41713361323834,2.5782435713869685,0.06398642368246737,0.7290795416768887,2.222661601064813,0.4101404773129266,0.05798537095639949,0.33315208116052697,3.7530190721715546,21.72715661970372,1.7288352125745634,14.806531715283192,1.4137537178674413,21.39451342540134,1.6862818921135807,8.71903508920012,1.1295245781103924,21.58766466768776,1.6968497759821184,7.25671509099373,1.0684784232906106,27.41008671846476,1.8580714013581936,19.872686895480268,1.6721047426968125,46.73844557054585,1.8963381416253866,26.309930806002416,1.7463496865982027,215.82276659876317
65.51285568595509,2.7800472548580584,0.10557487616910896,0.8375308040056837,2.469470911647356,0.4355783908304176,0.06169686135699087,0.3058718912713233,4.110148859111772,12.40520951862279,1.3675262551460041,8.676390511546442,1.1097273200971263,12.306368422981249,1.3293398923513562,5.678607708026581,0.8895679832640377,12.281531205635208,1.3390729454672399,4.960901804283708,0.8502559780709846,15.05169438229493,1.4535490310134178,11.488986746807791,1.31982007980856,21.036877190881274,1.45773668389626,14.250904567661145,1.3568410368544528,118.13747205874111
86.85113737513521,2.9847338158321586,0.17326451071258098,0.9687019826120682,2.740989346083373,0.4559808933963593,0.05607469276792075,0.3006842854279275,4.522431200287649,7.184123002022557,1.0376367214846913,5.243311453110909,0.837061454554631,7.071251286982496,1.0049210130370272,3.7882392916437997,0.6734741282816996,7.057704928394777,1.0164697684826591,3.4680391986453065,0.6505664424604409,8.297835646878521,1.0902979578195366,6.735410768373804,1.000294678741889,9.777740949131818,1.0826627865724323,7.7384612251237135,1.012474925510578,66.3621177503077
115.13953993264471,3.1863635852007937,0.2692289857470401,1.1195812567279704,3.021176899952569,0.4680658419044467,0.04418540183486894,0.31145428147238924,4.964463681892244,4.430622600326889,0.7637414625272924,3.416739365210214,0.6139003593437014,4.3229787294578275,0.7374062737886603,2.686095036170053,0.4957760098805861,4.337581371735668,0.7504935404575891,2.549026073688305,0.48359192660375977,4.8806881352247675,0.7939466320586589,4.208545866204181,0.7360198546672557,5.170041466121348,0.7862883028584436,4.5274875657089355,0.7353275398469487,40.52980620984819
152.6417967175233,3.3804399214035303,0.3874060805340053,1.2859456371891598,3.2999664578758345,0.471731537433616,0.03048692677308032,0.3321232558435053,5.420253815115196,2.9670033088524477,0.5481787338354441,2.426134252970523,0.44006775479823423,2.8875992013574034,0.5282003084816702,2.041661401347557,0.3566686856050508,2.912560826903297,0.5413156086184697,1.9841904946403015,0.35089126955010563,3.1469736592039603,0.5644526083691924,2.854189659694181,0.5283175172856629,3.179943726718766,0.5601732696947823,2.939293500415479,0.522674442155782,27.339550032103915
202.3589647725157,3.5631779632409333,0.5149204069582931,1.4627297100295262,3.5702338627409045,0.4684299416957811,0.01820715336599805,0.35871010748586296,5.878310775318074,2.1612362259892444,0.384232472870371,1.8654966614726067,0.3087322755165742,2.1097625687073047,0.369809856379413,1.6542160875228835,0.2510299886724603,2.134386007677123,0.38158670364241615,1.6308572429778891,0.24880943994655247,2.233085813045163,0.3923751051520744,2.101931757583359,0.3703641592082569,2.2268987592735425,0.3911276675165935,2.1155092503574573,0.36394538580368146,20.233380374606575
268.26957952797244,3.7313638074116167,0.6372124313414145,1.6436825281105945,3.8260970448637295,0.4602500490688402,0.008965944687277804,0.3886511586840642,6.327646725414506,1.699978039113163,0.26304956124682016,1.5347046005967262,0.21196651537764366,1.6685341935338525,0.2530468152537205,1.4144400888014221,0.17280554135081413,1.688886637262874,0.2627290188493572,1.4056361341530437,0.17239090244946653,1.72848758835083,0.26672686094085285,1.667665064316847,0.25356654510248966,1.723106321915977,0.26724815265406165,1.663005843912152,0.24812109465465312,16.19444451195689
355.6480306223128,3.8825471099009614,0.743093261468478,1.821811083131989,4.062671214547754,0.4493542879518621,0.003159660217349365,0.42007977116890427,6.757076017017858,1.4270622525502934,0.17592860680647693,1.3331788382904066,0.14240327882013537,1.40831199459714,0.1692114950807763,1.2628928201516154,0.11631503040211452,1.4236680672580913,0.1766256348128504,1.2601886877196085,0.11669407656667803,1.4381025519989374,0.17732307636893552,1.40886113455537,0.16956471439797818,1.4367694719358857,0.1785469965381842,1.4018054096153134,0.16553866424041438,13.800841228672663
471.4866363457394,4.015265104972813,0.8270701176393509,1.990515840535628,4.276063021867151,0.43764335802595705,0.00043967883083445564,0.4514637003714369,7.156125599631007,1.26177343970223,0.11503519300235195,1.2078859437339067,0.09364958115064542,1.2506672301217727,0.11064105713010586,1.166051619507106,0.07657533598302717,1.2615844158843212,0.11599918532375315,1.1657657619227162,0.07720689741958764,1.2657767192086544,0.11536808289017393,1.251229515887623,0.11084002406281654,1.2665351196956305,0.1166632898213027,1.2456373614022056,0.10810098405513698,12.342907127066166
625.0551925273968,4.129134687429603,0.8889171804191659,2.1443686131867485,4.464044941478848,0.4264593658978657,0.00010474367668905262,0.4814817763816037,7.516459440621755,1.1603042002952575,0.07364077695767222,1.129217596753336,0.06034395114410232,1.1537222159348197,0.07082857316639377,1.1040390919240735,0.049354673554217146,1.1611489833416488,0.07452115105143738,1.1045845348388104,0.04998212396715963,1.1615257631321663,0.0735480284737104,1.1540658174936023,0.07092314756911783,1.162870152235802,0.07463580345028745,1.150316082598152,0.06916029339249218,11.441794438547669
828.6427728546843,4.224769335193204,0.9317148474460216,2.2799184416262896,4.625879514908978,0.41661302259538896,0.0013765656632063119,0.5091194220991293,7.832906966892992,1.097702906605692,0.04624066341059507,1.0797536928922102,0.03815472812861471,1.0937943953653864,0.04447488380496682,1.0645185175154852,0.03119076169689501,1.0986739677214983,0.046922085673129006,1.065241281305465,0.031716497037897126,1.097887185947803,0.04602501080636507,1.0939624875216218,0.044510110594420116,1.099140021782887,0.04683558329775347,1.0916230092316792,0.04341729832745712,10.882297465889728
1098.5411419875572,4.303559154368776,0.9598105515730462,2.395729279305792,4.762276002510174,0.40842886773366055,0.0035637496039119493,0.5337055244568963,8.103703423610435,1.0591450648588685,0.028547203539277668,1.048801260030714,0.023720716903488558,1.0568233785772432,0.027457421044860993,1.0395709667247752,0.019368276466002428,1.0599393930027927,0.029027852874332787,1.0402309350866341,0.019774200077238468,1.0589968600571207,0.02833496829385505,1.056888628190299,0.0274630728217269,1.0599561972611564,0.028895484714368112,1.0554806229827474,0.026801856015533154,10.53583330677235
1456.3484775012446,4.3673884649410555,0.9774352294494386,2.49211201646542,4.875050884990436,0.4019115469306067,0.006134578910688832,0.5549269906963142,8.330136017993466,1.035537269955198,0.017372543768467124,1.0295983857532782,0.01453526182952532,1.0341618608258798,0.016710707242178668,1.0240116255282263,0.011846356515173488,1.0361044721799546,0.017691831188407874,1.0245452704784974,0.012147634283870015,1.0353265957858389,0.01720447573392945,1.0341751833637707,0.016703377250879153,1.0359928707580026,0.0175728482503178,1.0333425062994053,0.01630876777763288,10.322796040928052
1930.6977288832493,4.41836204448472,0.9880449187368824,2.5705991932875905,4.966729375740826,0.3968734789545719,0.008727108538961803,0.5727720391797145,8.515701195701665,1.0212053620998025,0.010451542130326721,1.0178127819413771,0.008804713107827464,1.0203952046877556,0.01005571564735205,1.0144347739355575,0.0071572587715240995,1.021581230019943,0.010654863742720629,1.0148467886501533,0.007378318013928723,1.0210224997986435,0.010331612831169824,1.020385052839935,0.01004357323449925,1.0214592738738946,0.010565192646965774,1.0198955610409395,0.009809296028049747,10.193038528888003
2559.547922699533,4.458585706460464,0.9941796257130628,2.6334028652653623,5.04018186452374,0.39305753470742943,0.011125904826910208,0.5874508690381157,8.665219038361556,1.0125858719476024,0.006235876023859388,1.0106610273580876,0.005290992412806692,1.0121126879252336,0.006002664824881974,1.0086159721610704,0.004285314852429946,1.0128229893798077,0.006361154346461136,1.0089315908647483,0.004449224084096171,1.012450414799974,0.006155301858799068,1.0120931169049634,0.005989298826549889,1.0127264724997922,0.006299774107816038,1.0118047144610185,0.005849945439330964,10.114804858302298
3393.2217718953298,4.490017868349135,0.9975740379446016,2.682967665965581,5.098315854153392,0.3902018924714771,0.01322525907308945,0.5993065202269424,8.78401719189048,1.0074497548340235,0.003703693417496528,1.0063686644265406,0.0031683323757414335,1.0071763931884545,0.003568373133673819,1.0051227415508233,0.002552592548304237,1.0075935731699217,0.0037785746179897764,1.0053685670262527,0.0026775653913923914,1.007356770751888,0.0036514879957838474,1.0071537288827066,0.0035551607471364086,1.007527400608092,0.003739469968529127,1.006982300205764,0.0034716035099268713,10.068099894644469
4498.432668969444,4.514387578104466,0.9993501982862718,2.721661369841299,5.143853176221487,0.3880814778592949,0.014992853399699978,0.6087408435322664,8.87732972085405,1.0044154525079876,0.002200213317165672,1.0038182888096139,0.00190199263090941,1.0042596835909372,0.0021229915500972337,1.0030479805011687,0.0015203040617407383,1.0044991791314462,0.0022433971191451055,1.0032457133017727,0.0016194626680502214,1.004354080056785,0.0021670311483040256,1.004236508730237,0.00211034311939628,1.004458486541753,0.002220299676258025,1.0041330975770253,0.0020595462632912315,10.040468470748726
5963.623316594638,4.533163966354901,1.0002052529659948,2.751621107106237,5.1792326868073095,0.38650951068796985,0.016440233428052325,0.6161587301770597,8.94996226820663,1.0026360294950922,0.0013157411307258009,1.0023160925991084,0.0011542256095924183,1.0025488451224984,0.0012725529167871743,1.001826870142756,0.0009115992049912325,1.0026819999741594,0.0013392993865968758,1.0019923584789483,0.0009938948323921669,1.0025961325469743,0.0012947287411361394,1.0025260710145494,0.0012605027862608012,1.0026602214521212,0.0013271753182179955,1.002462422836542,0.00122902432024812,10.02424704366275
7906.043210907701,4.547559924168183,1.0005563169616676,2.7746691899039257,5.2065412162338935,0.3853461913576403,0.017601529795044337,0.6219369305691318,9.006095057859635,1.0015988869964125,0.0007992005888140914,1.001437651405056,0.0007162687854672484,1.0015513186024287,0.000775706788965301,1.0011135661522474,0.0005556137622983062,1.0016214485739967,0.0008107045198737063,1.0012577272509986,0.0006269564880466855,1.0015728043458703,0.0007857228666749718,1.0015291669983497,0.0007641669307604103,1.0016129315546705,0.0008059231461130254,1.001488976142839,0.0007441714871929254,10.01478447802287
10481.131341546852,4.558555233669727,1.0006459331585271,2.7923159484276714,5.227506182018922,0.3844822987562704,0.01851899243341377,0.6264037622675404,9.049227183903817,1.0009975392537827,0.0004993260842452339,1.0009271916615714,0.00046152536371481766,1.0009726086621518,0.0004870885965344508,1.00069960534386,0.0003488694945898937,1.0010056679293324,0.0005034430342688777,1.000829714545519,0.00041308822671741187,1.00098002360871,0.000490401968842879,1.0009510503794414,0.00047595023048481303,1.0010061968741601,0.0005035241520404627,1.0009248711267071,0.0004628586863468753,10.009294469385235
13894.95494373136,4.566928391237875,1.000610109421499,2.8057790905981483,5.243537246736724,0.3838408156711515,0.01923574307126181,0.6298374308474005,9.082230326924686,1.0006501902641385,0.00032597225453953984,1.0006319404243869,0.000314091282132712,1.0006380488841997,0.0003200881290756003,1.0004605521533771,0.00022942320289906477,1.0006494097811154,0.0003255475281717524,1.0005813718915333,0.0002889757468300464,1.0006378524234736,0.00031975090751870314,1.0006169807232186,0.0003092540574862836,1.0006560458709122,0.00032884757317266623,1.0005992996148612,0.00030037316814709086,10.006121692031218
18420.699693267165,4.573290232273494,1.000522672107683,2.8160208615297435,5.2557549513878845,0.38336254889465704,0.01979079073971889,0.6324648209370769,9.107393973489083,1.0004502171332326,0.0002261168429338562,1.0004618796793283,0.0002291387043126719,1.0004452022521948,0.0002237662769023076,1.0003231291489258,0.00016073601572386056,1.0004439066797302,0.0002228803376516582,1.0004377575100438,0.00021719916490589854,1.000440947816263,0.00022147645730844498,1.0004245160524048,0.0002131593258693969,1.0004546628483542,0.0002283231219131616,1.0004120784872477,0.00020688888748160184,10.004294297607725
24420.5309454865,4.578115481564899,1.00042162953641,2.823796104553007,5.265044004337841,0.3830052787036228,0.020217868297798067,0.6344684162838834,9.126531672176153,1.0003353472273993,0.00016873652134096763,1.000364226574845,0.00018034511349740589,1.0003342374953206,0.00016831648859900086,1.0002444107694202,0.00012138153449962178,1.000325569504159,0.00016373988425292163,1.000354864019846,0.0001757712722912173,1.0003278685730486,0.00016500987457525096,1.0003138409210548,0.00015787801164106845,1.0003391224238907,0.000170623779668717,1.0003047014899362,0.0001532562063505442,10.00324418899892
32374.575428176402,4.581770414864309,1.0003251175638403,2.829689397856478,5.272093099529863,0.3827379988205468,0.020544889242433376,0.6359923561496561,9.141057741598978,1.0002694705059532,0.00013582122094696033,1.0003082917411112,0.00015239245384426499,1.0002704531998359,0.0001364309246131416,1.0001994630583793,9.890600422547276e-05,1.0002574896334728,0.00012970722038051712,1.0003070625902175,0.00015188336686609285,1.0002630231421283,0.0001326170069193491,1.000250273564741,0.00012611728086991665,1.00027296002953,0.00013757278867567753,1.0002432510796124,0.00012255735768358674,10.002641738544984
42919.34260128778,4.584536082205158,1.000240643032758,2.8341510920834407,5.277434516376057,0.3825376599147191,0.020794370000275127,0.6371491179394236,9.152066756313916,1.000231731992054,0.00011696172976640087,1.0002763195872153,0.0001364134542311729,1.000233800024832,0.00011810178600809073,1.000173875641141,8.610898140305584e-05,1.0002183288807505,0.00011012675162533838,1.0002794968512474,0.00013810959667917233,1.0002258713602754,0.00011405306648630855,1.0002137821365948,0.00010788076423305759,1.0002351296615182,0.00011867034170013519,1.000208146925044,0.00010501878473320867,10.002296483060672
56898.66029018293,4.586627240590981,1.0001702005424569,2.8375256040093286,5.281477854586283,0.3823873490672598,0.020984178839243785,0.6380258831920053,9.160400869694122,1.0002101245043966,0.0001061620578776705,1.000258075176944,0.0001272949249741535,1.0002127274205213,0.0001075603565530139,1.0001593527194825,7.884419465640824e-05,1.0001957870211076,9.885348350167485e-05,1.0002635835316729,0.00013015951916946534,1.0002045935294956,0.00010341868885631345,1.0001928300110374,9.740820783819937e-05,1.0002135224870743,0.00010787190870066442,1.0001881226441167,9.501421461054676e-05,10.002098719045849
75431.20063354608,4.588207473443672,1.0001132578650351,2.84007681955876,5.284535208432972,0.3822743088494964,0.021128262794003417,0.6386895410544599,9.16670414068969,1.0001977553812855,9.997910414437169e-05,1.0002476820927522,0.00012210045694734483,1.0002005987949227,0.00010149078271492806,1.0001511380091401,7.473398841969816e-05,1.0001827929186373,9.235372937388121e-05,1.0002543790574396,0.0001255620825104976,1.0001924070203043,9.732693530084286e-05,1.0001807912094072,9.138997596133108e-05,1.0002011928958716,0.00010170897373521908,1.000176716547258,8.93157883574123e-05,10.00198545392702
100000.0,4.589401087184104,1.0000680959671064,2.8420040424297035,5.286846203354325,0.3821893314406817,0.021237483052290704,0.6391915426470927,9.171468602924094,1.0001906712386948,9.643757744171132e-05,1.0002417689415832,0.00011914514582792375,1.00019360272445,9.798815997201445e-05,1.0001465084119374,7.241689320577626e-05,1.000175283070416,8.859637132811085e-05,1.0002490370335748,0.0001228945885831483,1.0001854222514224,9.383484772291466e-05,1.000173862204709,8.792571059709687e-05,1.0001941607688913,9.819336751493544e-05,1.0001702266996537,8.607389435458181e-05,10.001920543345333
