,N6 (e),H61 (e),N1 (e),C10 (e),H101/2/3 (e),C6 (e),$V_\eta (kJ/mol)$
0.1,0.020414650939877266,0.2850796029419569,-0.12320398244918587,-0.38272758890202496,0.05292610009365,0.04165901718842667,1.9381647990497526
0.13257113655901093,0.02046254387240644,0.28504177283030474,-0.1231331045993637,-0.3822960381908314,0.0528054914001282,0.04150835188709938,1.9375149999097536
0.1757510624854792,0.020515455313068254,0.2849946862147338,-0.12304072104902856,-0.3817217602804464,0.05264497025250997,0.04131742904414304,1.9367893705353627
0.2329951810515372,0.020583687066898365,0.28493078593173227,-0.12291817825280954,-0.38096164479414635,0.05243296769318321,0.04106644696877561,1.9358329359733886
0.3088843596477481,0.02066122297051207,0.2848500210206367,-0.12275858678416723,-0.3799658935874159,0.05215578061820391,0.04074589452582257,1.9346822386468634
0.40949150623804254,0.020766979516054704,0.2847393189953879,-0.12254747393304166,-0.37865588396276284,0.05179166517998956,0.0403220638443932,1.9331245703727598
0.5428675439323859,0.02092688431019632,0.28457622294426016,-0.12226599341833448,-0.37695427275239646,0.051321675980026,0.039752130976196426,1.930729649910975
0.7196856730011519,0.0211287818620615,0.28435533846519834,-0.12189623822502461,-0.3747318245581957,0.05071034905892211,0.03901289527919412,1.9276007866972418
0.9540954763499939,0.021380879550908727,0.2840484110932639,-0.12141153863999732,-0.37185033914623855,0.04992342157948597,0.038062322403605325,1.9234771741077923
1.2648552168552958,0.02172329011741364,0.2836102290812516,-0.12077388668651627,-0.36813899512722775,0.04891865016933081,0.03682341210708637,1.9177084906893203
1.6768329368110082,0.022171737558148153,0.2829820292057407,-0.11993874863591572,-0.363380886135286,0.0476451119015674,0.035230532302610654,1.9098465366865316
2.2229964825261943,0.02277219743023131,0.2820688127464836,-0.11884701934213383,-0.35732917543251674,0.046047927701528414,0.03319140149335044,1.8990676145388152
2.9470517025518097,0.159510288493401,0.10319480100234713,-0.04851883126539762,-0.06290393753915349,-0.04364817680134894,-0.02033779028715016,1.9167483468331146
3.906939937054617,0.13735407515570314,0.10345388364041457,-0.048930823351098295,-0.016526986160562075,-0.054025304134005324,-0.013274236882441351,2.172137812700504
5.17947467923121,0.12484345205675226,0.10468810701169674,-0.05027941301594748,-0.004123602335654085,-0.056376553210217055,-0.005998884086196268,2.284340021833296
6.8664884500430015,0.11454140631727687,0.10561130857482748,-0.051405269263771966,0.0013724625336485796,-0.05697322453352487,0.0007997654385936553,2.35994997150502
9.102981779915218,0.1055142426593157,0.10594302250535823,-0.052045918400168124,0.003993010057482417,-0.05672927948952894,0.006783481646598588,2.412249495144097
12.067926406393289,0.09745863848361812,0.10544950233587011,-0.052026873658640255,0.0051615994911014,-0.05593072570733527,0.011749310470056437,2.4443617212900364
15.998587196060573,0.09013469967143578,0.10388532895752801,-0.051212167058283034,0.0054980901919461506,-0.054646443785348456,0.01563337959341847,2.456972687987025
21.209508879201906,0.08326824265332505,0.10094645632199242,-0.049480759665935174,0.005313329111743923,-0.05283404515064053,0.018454867030795366,2.449947762993668
28.11768697974231,0.07654541272695738,0.09625784121272216,-0.0467348282392397,0.00478044153747149,-0.05037623606243362,0.02027984094938952,2.4228928496718174
37.27593720314938,0.06965672626583601,0.0894811277035051,-0.042966148344115336,0.004050027470417783,-0.047132285204373014,0.021175122517475484,2.3759570383080812
49.417133613238335,0.06242233684007336,0.08070317680996711,-0.03840917688502233,0.0032927392663457907,-0.04307025934671034,0.021201702008767073,2.311606481031606
65.51285568595509,0.0549443144892566,0.07083625571844916,-0.03358769733565997,0.002655665183750281,-0.03842778635471232,0.020434821008340875,2.235795977194084
86.85113737513521,0.04755489565631022,0.0610963837653223,-0.028981016859595466,0.0021872629722292153,-0.03362130936168279,0.0190064025507821,2.1552555241294344
115.1395399326447,0.040564438729513076,0.05216014894512232,-0.02476523341232405,0.0018395124274690109,-0.02897346786231855,0.017121536897175292,2.0742642326192744
152.64179671752333,0.034166028961911746,0.044158288605204786,-0.020938736536562346,0.00156458006056211,-0.024654619610444985,0.015013697740218677,1.9952322316196212
202.35896477251575,0.028439306990258092,0.037042984673577986,-0.017473907697224726,0.0013274210519457928,-0.020735909079987527,0.012871922221405437,1.9198076264060921
268.26957952797244,0.02340259069321563,0.030752581266379527,-0.014365686159849803,0.0011131424826105977,-0.017243143730814266,0.01082680291008685,1.849442328545809
355.64803062231283,0.01904228282682693,0.02524444619277856,-0.011625777453453931,0.0009174812234524252,-0.014178585596527545,0.008957323999978641,1.7853849733122407
471.48663634573944,0.01532546020789076,0.02048729044252888,-0.009265097889477434,0.0007415427451357144,-0.011530766327990008,0.007303103477892106,1.7285209199040386
625.0551925273969,0.012207404509984707,0.016442763150660483,-0.007281223978079301,0.0005882130383548838,-0.009278549449336404,0.0058784916270884415,1.679299424556719
828.6427728546843,0.009632100519537428,0.01306075182801371,-0.005654147651751378,0.0004589680055403679,-0.00739209927760932,0.00467862513148783,1.6376813311902356
1098.5411419875572,0.007536487701934585,0.010278286115444573,-0.0043486767352677235,0.0003534021750459443,-0.005835621228649382,0.003687364428790769,1.6032331258502968
1456.3484775012444,0.005854181422664161,0.008023069067478024,-0.0033205329624836216,0.0002694707963127564,-0.004569326927292222,0.002881792457905346,1.575240302397185
1930.6977288832495,0.004519795889658567,0.006219556406473368,-0.0025225036159057597,0.00020408106169519862,-0.003552396909719376,0.002236260987236752,1.5528448663335672
2559.547922699533,0.0034721313543756307,0.004793772708796838,-0.001909748585141905,0.0001539110878632795,-0.0027450592266101523,0.0017251111139366137,1.535155122080301
3393.2217718953298,0.0026564911521779195,0.0036774680783040444,-0.0014427343499530051,0.00011580323572821649,-0.002110483052377992,0.0013244210408768007,1.5213255131977363
4498.432668969444,0.0020259407583198387,0.0028105348180887443,-0.0010886201328021222,8.70438839999238e-05,-0.00161590248599794,0.0010128081303874352,1.5106023660476593
5963.623316594637,0.0015411397091792784,0.0021415675192880553,-0.0008208659858694851,6.540630658133178e-05,-0.0012331234345860753,0.0007721227545790454,1.502340875627794
7906.043210907702,0.0011700224341710506,0.0016279645793656832,-0.0006188345113106778,4.9165640531811166e-05,-0.0009385026238303814,0.000587189728733277,1.4960075874830692
10481.131341546852,0.0008869182506743474,0.0012353198820015613,-0.00046647369771790734,3.6969292495103406e-05,-0.0007128123867688958,0.0004457034328535826,1.4911714222915977
13894.95494373136,0.0006715205604144056,0.0009360116969643322,-0.0003516429336390776,2.7815060109342932e-05,-0.000540503443534719,0.0003378059467551538,1.4874887458455124
18420.699693267165,0.0005079779376262935,0.0007084728472273703,-0.0002650975072635148,2.093659281128761e-05,-0.0004093426277662334,0.0002557380128972636,1.4846912504615828
24420.5309454865,0.000384000562883193,0.0005358043970908542,-0.00019986801572379192,1.576535182284996e-05,-0.000309714075404548,0.00019343993014053876,1.4825697056391878
32374.5754281764,0.00029012901854052033,0.0004049624049619162,-0.00015070433631463116,1.1876146478164697e-05,-0.00023416091329963375,0.00014621950623293112,1.4809628875989664
42919.34260128778,0.0002191181247862382,0.0003059250317148677,-0.00011364253164255941,8.94887276343645e-06,-0.0001769398293074955,0.0001104699903005036,1.4797471069609165
56898.66029018293,0.00016543693670385945,0.0002310218246712563,-8.570511910987422e-05,6.7453131616153426e-06,-0.00013364227045199753,8.342785592913571e-05,1.4788279182399664
75431.20063354608,0.0001248796139260961,0.00017441299934786196,-6.463308466262378e-05,5.084524172930231e-06,-0.00010091081543737418,6.298839352785807e-05,1.478133304773874
100000.0,9.42483458576977e-05,0.00013164674262462298,-4.8746380261346144e-05,3.833496391785715e-06,-7.617588748785748e-05,4.754545785081216e-05,1.4776086718735064
