,loss,kish ratio,chi2s A1,chi2s A2,chi2s A3,chi2s A4,chi2s A5,chi2 tot,Kish size A1_MS,D_KL A1_MS,Kish size A1_MD,D_KL A1_MD,Kish size A2_MS,D_KL A2_MS,Kish size A2_MD,D_KL A2_MD,Kish size A3_MS,D_KL A3_MS,Kish size A3_MD,D_KL A3_MD,Kish size A4_MS,D_KL A4_MS,Kish size A4_MD,D_KL A4_MD,Kish size A5_MS,D_KL A5_MS,Kish size A5_MD,D_KL A5_MD,Kish size tot,D_KL tot,av. Kish size
0.1,0.024849244319489358,0.0008303423545047428,6.704902210803541e-06,1.963018335453928e-06,1.5970186491886723e-05,1.501400009790071e-06,9.566665815753694e-05,0.00012180616520547119,16974.285332588817,8.40161806803348,3845.863157749328,6.133784252846406,1750.9802295179727,5.70291908238533,377.7269525769543,4.526971102147712,4342.042699202268,6.980991307832911,897.0234428038658,5.023940468027496,2889.8180741265833,7.034803349333166,2263.03905479762,6.998687501834049,2308.4850908208873,6.501791196861416,7834.970317971741,8.03729470532087,43484.23435215605,,4348.423435215604
0.1,0.024849244319489358,0.0008303423545047428,6.704902210803541e-06,1.963018335453928e-06,1.5970186491886723e-05,1.501400009790071e-06,9.566665815753694e-05,0.00012180616520547119,16974.285332588817,8.40161806803348,3845.863157749328,6.133784252846406,1750.9802295179727,5.70291908238533,377.7269525769543,4.526971102147712,4342.042699202268,6.980991307832911,897.0234428038658,5.023940468027496,2889.8180741265833,7.034803349333166,2263.03905479762,6.998687501834049,2308.4850908208873,6.501791196861416,7834.970317971741,8.03729470532087,43484.23435215605,65.34280103462284,4348.423435215604
0.1,0.024849244319489358,0.0008303423545047428,6.704902210803541e-06,1.963018335453928e-06,1.5970186491886723e-05,1.501400009790071e-06,9.566665815753694e-05,0.00012180616520547119,16974.285332588817,8.40161806803348,3845.863157749328,6.133784252846406,1750.9802295179727,5.70291908238533,377.7269525769543,4.526971102147712,4342.042699202268,6.980991307832911,897.0234428038658,5.023940468027496,2889.8180741265833,7.034803349333166,2263.03905479762,6.998687501834049,2308.4850908208873,6.501791196861416,7834.970317971741,8.03729470532087,43484.23435215605,,4348.423435215604
0.13257113655901093,0.032916697992753575,0.0008304677014872085,1.1821054719776711e-05,3.3335444994822634e-06,2.7577170884811883e-05,2.6705098893574927e-06,0.00016769034447096595,0.00021309262446439432,16961.34310268972,8.400552589192115,3841.3085477207333,6.132726967624617,1754.8491487208007,5.703121493378347,377.5088055231155,4.526195019863434,4343.479294722549,6.981152621458994,896.3034795163782,5.0227844331321005,2888.9683586290234,7.034067666309034,2261.633159364139,6.997792258262567,2309.027344176547,6.50197344826954,7826.285519369565,8.035303490773346,43460.70676043256,,4346.070676043257
0.13257113655901093,0.032916697992753575,0.0008304677014872085,1.1821054719776711e-05,3.3335444994822634e-06,2.7577170884811883e-05,2.6705098893574927e-06,0.00016769034447096595,0.00021309262446439432,16961.34310268972,8.400552589192115,3841.3085477207333,6.132726967624617,1754.8491487208007,5.703121493378348,377.5088055231155,4.526195019863434,4343.479294722549,6.981152621458994,896.3034795163782,5.0227844331321005,2888.9683586290234,7.034067666309034,2261.633159364139,6.997792258262567,2309.027344176547,6.50197344826954,7826.285519369565,8.035303490773346,43460.706760432564,,4346.070676043257
0.1757510624854792,0.04359210888651666,0.0008306226613433257,2.0761410795537767e-05,5.642704738879889e-06,4.790821676674225e-05,4.6861737044275895e-06,0.0002940367325520014,0.00037303523855758885,16945.063149177542,8.399186150770793,3835.2600435471973,6.1313427759203245,1760.0071985291406,5.7033979625676,377.23701885922964,4.525201972010441,4345.2758953948805,6.981342320801367,895.380316810612,5.021283461638072,2887.9097671605987,7.033120484126191,2259.8045367499903,6.996632850602524,2309.8428097768365,6.502250316571878,7814.779214794397,8.032669475556988,43430.55995080042,,4343.0559950800425
0.1757510624854792,0.04359210888651666,0.0008306226613433257,2.0761410795537767e-05,5.642704738879889e-06,4.790821676674225e-05,4.6861737044275895e-06,0.0002940367325520014,0.00037303523855758885,16945.063149177542,8.399186150770793,3835.2600435471973,6.1313427759203245,1760.0071985291406,5.7033979625676,377.23701885922964,4.525201972010441,4345.2758953948805,6.9813423208013665,895.380316810612,5.021283461638072,2887.9097671605987,7.033120484126191,2259.8045367499903,6.9966328506025235,2309.8428097768365,6.502250316571878,7814.779214794397,8.032669475556988,43430.55995080042,,4343.0559950800425
0.2329951810515372,0.057710203226889134,0.0008308465953850843,3.671485788239986e-05,9.435391218211627e-06,8.293631627607194e-05,8.202830324240037e-06,0.0005164181596849165,0.0006537075553858402,16923.223382458393,8.397326396400357,3827.10769005395,6.129456012932942,1766.7512353797822,5.703726153414888,376.87042475569336,4.523859226530287,4347.4960973157595,6.981536220931917,894.132445947149,5.019255784970489,2886.4573211804773,7.031838306436003,2257.366292839497,6.995076618948637,2310.899942576266,6.502590616774548,7799.447730862109,8.029151017453023,43389.75256336908,,4338.9752563369075
0.2329951810515372,0.057710203226889134,0.0008308465953850843,3.671485788239986e-05,9.435391218211627e-06,8.293631627607194e-05,8.202830324240037e-06,0.0005164181596849165,0.0006537075553858402,16923.223382458393,8.397326396400357,3827.10769005395,6.129456012932942,1766.7512353797822,5.7037261534148875,376.87042475569336,4.523859226530287,4347.4960973157595,6.981536220931917,894.132445947149,5.019255784970489,2886.4573211804773,7.031838306436003,2257.366292839497,6.995076618948637,2310.899942576266,6.502590616774548,7799.447730862109,8.029151017453023,43389.75256336908,,4338.9752563369075
0.3088843596477481,0.0763667088215317,0.0008311323206514891,6.439181707905372e-05,1.5681706948331914e-05,0.00014284664183092155,1.4419710047511936e-05,0.0009014256945577098,0.001138765570463529,16895.312319786604,8.394920452154402,3816.3362884846997,6.126967149058332,1775.608999157962,5.704156186788379,376.4056444030615,4.522126590227251,4350.221026273872,6.981738301419356,892.5214488797052,5.016619811524903,2884.566018852168,7.030163000175886,2254.207495598223,6.993059296963817,2312.382829938313,6.5030582316297885,7779.357699584643,8.02454006875145,43336.91977095926,,4333.691977095927
0.3088843596477481,0.0763667088215317,0.0008311323206514891,6.439181707905372e-05,1.5681706948331914e-05,0.00014284664183092155,1.4419710047511936e-05,0.0009014256945577098,0.001138765570463529,16895.312319786604,8.394920452154402,3816.3362884846997,6.126967149058332,1775.608999157962,5.704156186788379,376.4056444030615,4.522126590227251,4350.221026273872,6.981738301419356,892.5214488797052,5.016619811524903,2884.566018852168,7.030163000175886,2254.207495598223,6.993059296963817,2312.382829938313,6.5030582316297885,7779.357699584643,8.02454006875145,43336.91977095926,,4333.691977095927
0.40949150623804254,0.10099547173984832,0.0008315348179228146,0.00011311734513517876,2.5645825277872932e-05,0.0002455035161052469,2.51693165691798e-05,0.0015742635660566176,0.0019836995691440962,16857.589756537334,8.391638853748072,3801.9721131296997,6.123603128998506,1787.152326633002,5.7046650772093175,375.7794996937925,4.5197916179485835,4353.606136443668,6.9819254271651845,890.353483997819,5.013077311662261,2881.963865705974,7.0278977943280605,2250.0087049145404,6.990353647184231,2314.3226779118913,6.503636115288165,7752.719763220655,8.018409582500503,43265.468328188384,,4326.546832818838
0.40949150623804254,0.10099547173984832,0.0008315348179228146,0.00011311734513517876,2.5645825277872932e-05,0.0002455035161052469,2.51693165691798e-05,0.0015742635660566176,0.0019836995691440962,16857.589756537334,8.391638853748072,3801.9721131296997,6.123603128998506,1787.152326633002,5.7046650772093175,375.7794996937925,4.519791617948584,4353.606136443668,6.9819254271651845,890.353483997819,5.013077311662261,2881.963865705974,7.0278977943280605,2250.0087049145404,6.990353647184231,2314.3226779118913,6.503636115288165,7752.719763220655,8.018409582500503,43265.468328188384,,4326.546832818838
0.5,0.12305156134124458,0.0008319923146282878,0.000169246035708508,3.4997165229330323e-05,0.00035639492153969016,3.7356883823303965e-05,0.002335864317585541,0.002933859323886373,16821.071720585576,8.388428246161862,3788.6812393721802,6.1203625917907285,1796.9818806445248,5.704947278483112,375.15748560316,4.517527943841398,4356.217627388245,6.981917341995027,888.2590088174243,5.009702711496128,2879.2986474481872,7.0257131927961245,2246.134596265208,6.987806900794227,2315.7455921566752,6.5039653049829385,7728.6639722522705,8.012828549965395,43196.21177053345,65.25320006230696,4319.6211770533455
0.5428675439323859,0.1334650966911168,0.0008322044680670358,0.000199465898760731,3.975328292619065e-05,0.00041557061667865696,4.386964331810658e-05,0.0027462066418680845,0.0034448660835517697,16803.984476159258,8.386916992673315,3782.426587196261,6.118836536795598,1801.608194109821,5.705079193209847,374.86900726736496,4.516469310816119,4357.402335057631,6.981901194146366,887.2800851886012,5.00811964820653,2878.048045550293,7.024685868591832,2244.3194663247173,6.9866108606832364,2316.45544929402,6.504129981366634,7717.334404291648,8.010199067561697,43163.72805043962,,4316.372805043962
0.5428675439323859,0.1334650966911168,0.0008322044680670358,0.000199465898760731,3.975328292619065e-05,0.00041557061667865696,4.386964331810658e-05,0.0027462066418680845,0.0034448660835517697,16803.984476159258,8.386916992673315,3782.426587196261,6.118836536795597,1801.608194109821,5.705079193209847,374.86900726736496,4.516469310816119,4357.402335057631,6.981901194146366,887.2800851886012,5.00811964820653,2878.048045550293,7.024685868591832,2244.3194663247173,6.9866108606832364,2316.4554492940197,6.504129981366634,7717.334404291648,8.010199067561697,43163.72805043962,,4316.372805043962
0.7196856730011519,0.17619775635916338,0.0008331572965093655,0.0003515018418663317,5.991670036060655e-05,0.0006987323064996743,7.628424715050872e-05,0.004780372180575524,0.005966807276452646,16732.266578342802,8.380483183707906,3756.216624110656,6.1123312173318425,1820.1416151445706,5.705448577464999,373.6521058820521,4.511998901463432,4361.56724849627,6.981582379802113,883.1539579614116,5.001455110454256,2872.623507546101,7.02032558630618,2236.80918655237,6.9816081731115816,2319.257441751166,6.504671235172959,7670.561486066982,7.999297868518659,43026.249751854375,,4302.6249751854375
0.7196856730011519,0.17619775635916338,0.0008331572965093655,0.0003515018418663317,5.991670036060655e-05,0.0006987323064996743,7.628424715050872e-05,0.004780372180575524,0.005966807276452646,16732.266578342802,8.380483183707906,3756.216624110656,6.1123312173318425,1820.1416151445706,5.705448577464999,373.6521058820521,4.511998901463432,4361.56724849627,6.981582379802113,883.1539579614116,5.0014551104542555,2872.623507546101,7.02032558630618,2236.80918655237,6.9816081731115816,2319.257441751166,6.504671235172959,7670.561486066982,7.999297868518659,43026.249751854375,,4302.6249751854375
0.9540954763499939,0.2323112112277265,0.0008346132032416405,0.0006203736142768062,8.44881699200783e-05,0.0011581544881513865,0.00013170651939900437,0.0082966566812746,0.010291379473021877,16635.00995759042,8.371509090161394,3720.662477678173,6.103246875806308,1843.190256410168,5.705491811382985,371.9824769816586,4.5058477270043635,4365.249983179599,6.980532582509485,877.4963194199181,4.9923254163765645,2864.882068851612,7.0142938944624404,2226.8400146676045,6.974838041270885,2322.6651906308543,6.5050565967232,7608.662089438352,7.9847578400193395,42836.64083484835,,4283.664083484836
0.954095476349994,0.2323112112277265,0.0008346132032416405,0.0006203736142768062,8.44881699200783e-05,0.0011581544881513865,0.00013170651939900437,0.0082966566812746,0.010291379473021877,16635.00995759042,8.371509090161394,3720.662477678173,6.103246875806308,1843.190256410168,5.705491811382985,371.98247698165864,4.505847727004364,4365.249983179599,6.980532582509485,877.4963194199181,4.9923254163765645,2864.882068851612,7.01429389446244,2226.8400146676045,6.974838041270885,2322.6651906308543,6.5050565967232,7608.662089438352,7.9847578400193395,42836.64083484835,,4283.664083484836
1.0,0.24322939389179304,0.0008349324788119318,0.0006824092101497928,8.875968565973088e-05,0.0012576483683753234,0.000144449308356454,0.00909394777795472,0.01126721435049602,16614.977621397167,8.36965144893367,3713.5711234911573,6.101385145166898,1847.4869220028768,5.705433077137276,371.6356007684945,4.5045850821872735,4365.789988795335,6.980255375482973,876.3397813810768,4.990471829958731,2863.2298287620056,7.0130516379645345,2224.8565648609388,6.973469557409628,2323.2329044563085,6.505063266496142,7596.518525035506,7.981886004380852,42797.63886095087,65.12525242511798,4279.7638860950865
1.2648552168552958,0.30578177551819313,0.0008368721792278812,0.0010952711586383417,0.00010861720927736324,0.0018869588859285872,0.00022592363052167182,0.014350929693238128,0.01766770057760409,16500.176235292703,8.358771292660531,3672.4444117836133,6.090455296069022,1871.2022457571268,5.70481765137396,369.6389681939717,4.49725259660295,4367.5436083021505,6.978226421689955,869.6398061053243,4.979690556249821,2853.560570959547,7.0058211473056025,2213.512375732313,6.965561444978702,2326.529126098234,6.504970272210653,7526.7473661842505,7.965314949505408,42570.99471440924,,4257.0994714409235
1.2648552168552958,0.30578177551819313,0.0008368721792278812,0.0010952711586383417,0.00010861720927736324,0.0018869588859285872,0.00022592363052167182,0.014350929693238128,0.01766770057760409,16500.176235292703,8.358771292660531,3672.4444117836133,6.090455296069022,1871.2022457571268,5.7048176513739595,369.6389681939717,4.49725259660295,4367.5436083021505,6.978226421689955,869.6398061053243,4.979690556249821,2853.560570959547,7.0058211473056025,2213.512375732313,6.965561444978702,2326.529126098234,6.504970272210653,7526.7473661842505,7.965314949505408,42570.99471440924,,4257.0994714409235
1.6768329368110082,0.4016191689122251,0.0008404330340911382,0.001934946048051829,0.00011922963785466548,0.0030068372104055468,0.0003826206692616701,0.0247323510899073,0.030175984655481013,16313.302896551932,8.340551348440567,3606.746732841949,6.072276647475403,1904.0201797039954,5.702680386773187,366.3329111313746,4.485149173830453,4366.129112324647,6.973607093696238,858.6713382194719,4.96206546689693,2836.9383037348625,6.993840526270063,2195.669786876292,6.952777339229237,2330.6464554025697,6.503890799802147,7418.158287767692,7.939194366031447,42196.61600455479,,4219.661600455479
1.6768329368110082,0.4016191689122251,0.0008404330340911382,0.001934946048051829,0.00011922963785466548,0.0030068372104055468,0.00038262066926167014,0.0247323510899073,0.030175984655481013,16313.302896551932,8.340551348440567,3606.746732841949,6.072276647475403,1904.0201797039954,5.702680386773187,366.3329111313746,4.485149173830453,4366.129112324647,6.973607093696238,858.6713382194719,4.96206546689693,2836.9383037348625,6.993840526270063,2195.669786876292,6.952777339229237,2330.6464554025697,6.503890799802147,7418.158287767692,7.9391943660314475,42196.61600455479,,4219.661600455479
2.0,0.4755902665573307,0.0008436655079698193,0.0027636962897221525,0.00011004145628749849,0.0039686184131537145,0.0005266231919816029,0.03465696991819653,0.0420259492693415,16160.2877607619,8.325227468611486,3554.120803530373,6.057144692559882,1926.3789357995886,5.700049290050299,363.58649643481766,4.475113915911028,4361.835157386396,6.968855872200626,849.6652240573976,4.947587045953678,2822.6947930976953,6.983877198395394,2181.524212344262,6.942362525805511,2333.0549208526045,6.502304833633282,7333.057336988126,7.918446266082745,41886.20564125317,64.82096910920393,4188.620564125316
2.2229964825261943,0.5260314547358662,0.0008461224169611328,0.003423465666623091,9.600766454071372e-05,0.0046600794208828894,0.0006355593993693317,0.04240043973577588,0.05121555188719192,16051.942626958591,8.314157796016486,3517.2025783923345,6.0462563582034425,1940.17376994176,5.697759043752175,361.61817429301317,4.4679178966525095,4357.257455383277,6.965002800759512,843.2556434884897,4.937260671335154,2812.2940862434325,6.976722503756382,2171.6767109451525,6.934979767224925,2334.332401660145,6.500849132463924,7274.191272925127,7.903953625226919,41663.94472023133,,4166.394472023132
2.2229964825261943,0.5260314547358662,0.0008461224169611328,0.003423465666623091,9.600766454071372e-05,0.0046600794208828894,0.0006355593993693317,0.04240043973577588,0.05121555188719192,16051.942626958591,8.314157796016486,3517.2025783923345,6.0462563582034425,1940.1737699417602,5.697759043752175,361.61817429301317,4.4679178966525095,4357.257455383277,6.965002800759512,843.2556434884897,4.937260671335154,2812.2940862434325,6.976722503756382,2171.6767109451525,6.934979767224925,2334.332401660145,6.500849132463924,7274.191272925127,7.903953625226919,41663.94472023133,,4166.394472023132
2.9470517025518097,1.5631817835793376,0.01003745524428813,0.413089805652955,1.3507691878158858,0.27277494151219583,0.0042043824067906615,0.8219263841929135,2.8627647015807414,206.10774490543912,3.258613691313548,104.46461026256766,2.728472631477576,142.85331162686066,3.1906143882907068,48.31287326287895,2.2246013286646766,177.07411612842006,3.2696866730593848,36.60859446826004,2.0534782893825803,160.54952745178392,3.4465903696954245,117.19734565413995,3.0853350075992427,564.4635287050114,3.9554610105737886,197.97506952077282,3.4052236890135266,1755.6067219861347,,175.56067219861345
2.9470517025518097,1.5631817835793376,0.01003745524428813,0.413089805652955,1.3507691878158858,0.27277494151219583,0.0042043824067906615,0.8219263841929135,2.8627647015807414,206.10774490543912,3.258613691313548,104.46461026256766,2.728472631477576,142.85331162686066,3.1906143882907068,48.31287326287895,2.2246013286646766,177.07411612842006,3.2696866730593848,36.60859446826004,2.0534782893825803,160.54952745178392,3.4465903696954245,117.19734565413995,3.0853350075992427,564.4635287050114,3.9554610105737886,197.97506952077282,3.4052236890135266,1755.6067219861347,,175.56067219861345
3.906939937054617,1.5999330009966244,0.011743761400926029,0.4067615737135392,1.4257971824533748,0.31267209287578923,0.006800322747293632,0.7717614401660752,2.923792611956072,173.25588633540897,3.126963066663003,86.35912384980585,2.611109075934957,123.96698199017342,3.053357445843434,41.410632488070185,2.1167766164195223,138.74868331625382,3.1074901967269786,31.67551380396656,1.954378527047188,148.12223468542962,3.337842820346092,105.04754746281971,2.97862459553049,514.8938163741901,3.7977484629348592,157.26352781387448,3.2311130754935635,1520.7439481199924,,152.07439481199927
3.906939937054617,1.5999330009966244,0.011743761400926029,0.4067615737135392,1.4257971824533748,0.31267209287578923,0.006800322747293632,0.7717614401660752,2.9237926119560718,173.25588633540897,3.126963066663003,86.35912384980585,2.611109075934957,123.96698199017342,3.053357445843434,41.410632488070185,2.1167766164195223,138.74868331625382,3.1074901967269786,31.67551380396656,1.9543785270471883,148.12223468542962,3.337842820346092,105.04754746281971,2.97862459553049,514.8938163741901,3.7977484629348592,157.26352781387448,3.2311130754935635,1520.7439481199924,,152.07439481199927
5.0,1.6368953301310092,0.012473156895198036,0.4128801317506248,1.4588895165177935,0.3228180367872505,0.007464368253755386,0.7455861432986278,2.9476381966080516,158.6698266267751,3.0795752932245093,82.83073677485461,2.575171463955936,115.90637264965912,3.0048289913091284,38.847270295716655,2.0776096048164603,128.73170044880985,3.0585437543279927,29.91854264754853,1.918672263562784,146.68677303461882,3.309680957795762,102.70141585840747,2.94962023968769,490.45954499017336,3.743368388503262,148.41429411228526,3.1881172751141857,1443.166477438849,28.90518823229772,144.31664774388486
5.17947467923121,1.6427208314750417,0.012573174407116559,0.4141394276551276,1.4634105208644197,0.3238214680327197,0.007555401942824591,0.7418709214891773,2.9507977399842686,156.75341792678753,3.0733193983526985,82.43665050161887,2.5705242988355868,114.86694108765356,2.9985702876091445,38.52266916757888,2.0725157444624367,127.57296180200716,3.052377631357845,29.69257531843407,1.9140384801598505,146.49350284430858,3.3059267697628063,102.39789004704012,2.9458024239355916,486.85850583433967,3.735995945877528,147.43606860794497,3.1829998134793347,1433.0311831377132,,143.30311831377134
5.17947467923121,1.6427208314750417,0.012573174407116559,0.4141394276551276,1.4634105208644197,0.3238214680327197,0.007555401942824591,0.7418709214891773,2.9507977399842686,156.75341792678753,3.0733193983526985,82.43665050161887,2.5705242988355868,114.86694108765356,2.9985702876091445,38.52266916757888,2.0725157444624367,127.57296180200716,3.052377631357845,29.69257531843407,1.9140384801598505,146.49350284430858,3.3059267697628063,102.39789004704012,2.945802423935592,486.85850583433967,3.7359959458775283,147.43606860794497,3.1829998134793347,1433.0311831377132,,143.30311831377134
6.8664884500430015,1.6952621037807754,0.013439975801353327,0.4266639118780137,1.500778654863199,0.33028970395030394,0.00847910617917573,0.7100650592814565,2.9762764361521485,141.7809272233962,3.0202586485053327,79.10109761420405,2.5301334799376725,106.75091839497485,2.946492833045783,35.983529338099814,2.0303289180185358,118.78652109256876,3.0006871315457517,27.878271597352292,1.8757790210545096,143.83080591960675,3.269908038788113,99.3198771888172,2.9103562801735654,454.5612308737682,3.6700915041594135,139.93025623347032,3.1394516455736685,1347.9234354762586,,134.79234354762585
6.8664884500430015,1.6952621037807754,0.013439975801353327,0.4266639118780137,1.500778654863199,0.33028970395030394,0.00847910617917573,0.7100650592814565,2.9762764361521485,141.7809272233962,3.0202586485053327,79.10109761420405,2.5301334799376725,106.75091839497485,2.946492833045783,35.983529338099814,2.030328918018536,118.78652109256876,3.000687131545752,27.878271597352292,1.8757790210545096,143.83080591960675,3.269908038788113,99.3198771888172,2.9103562801735654,454.5612308737682,3.6700915041594135,139.93025623347032,3.1394516455736685,1347.9234354762586,,134.79234354762585
9.102981779915217,1.7605611072318996,0.014556557764323413,0.4437469184493542,1.5433606074133412,0.3352347530266949,0.010060520150470334,0.6726508429471546,3.005053641987016,126.5281843954315,2.9543008746292365,74.52412122300377,2.4769526804293656,98.22781442515692,2.8828625358887248,33.28873886129691,1.980005966621776,109.40737037513952,2.935885422478109,25.868616999013682,1.8303502401607976,138.01924993562685,3.2148559504499703,94.32089308700523,2.8587343287513085,414.1745877257071,3.581673490586279,131.30275686345752,3.0807099543703003,1245.662333890839,,124.56623338908389
9.102981779915217,1.7605611072318996,0.014556557764323413,0.4437469184493542,1.5433606074133412,0.3352347530266949,0.010060520150470334,0.6726508429471546,3.005053641987016,126.5281843954315,2.9543008746292365,74.52412122300377,2.4769526804293656,98.22781442515692,2.8828625358887248,33.28873886129691,1.980005966621776,109.40737037513952,2.935885422478109,25.868616999013682,1.8303502401607976,138.01924993562685,3.2148559504499703,94.32089308700523,2.8587343287513085,414.1745877257071,3.581673490586279,131.30275686345752,3.0807099543703003,1245.662333890839,,124.56623338908389
10.0,1.785724879734885,0.015019152062083875,0.4505253908591057,1.5593625473320056,0.33679367238636265,0.010816451446678813,0.6585680366329136,3.016066098657067,121.23949100886463,2.92782405817386,72.56992931065929,2.45487592864549,95.16364937774445,2.8574225358834098,32.31248618685596,1.9602715397298407,105.93136684147228,2.909566669557563,25.124885065365124,1.8125781088607609,135.14283718027698,3.1903841308020384,92.08916575940157,2.8362955357663804,398.55226198578896,3.544965083084969,127.901577292958,3.0556095748645813,1206.0276500093871,27.54979316536889,120.60276500093873
12.067926406393287,1.8419240774831591,0.016138808757810076,0.4659204976349183,1.5949423365064397,0.34006334585484194,0.012795565358555637,0.6276900136979122,3.0414117590526684,110.24150414932406,2.866102489964912,67.91566898883802,2.4023859447973357,88.57221839817423,2.7981494397162203,30.20420808262195,1.9149565197934844,98.30023392462786,2.8477251449552776,23.502400530365314,1.7718363863404571,127.78342394077065,3.129920174397132,86.67521500434916,2.7815765354424578,363.8049733722177,3.4579414251135634,120.08756024854185,2.994650565438577,1117.0874066398303,,111.70874066398308
12.067926406393287,1.8419240774831591,0.016138808757810076,0.4659204976349183,1.5949423365064397,0.34006334585484194,0.012795565358555637,0.6276900136979122,3.0414117590526684,110.24150414932406,2.866102489964912,67.91566898883802,2.402385944797336,88.57221839817423,2.7981494397162203,30.20420808262195,1.9149565197934844,98.30023392462786,2.8477251449552776,23.502400530365314,1.7718363863404571,127.78342394077065,3.1299201743971317,86.67521500434916,2.7815765354424578,363.8049733722177,3.4579414251135634,120.08756024854185,2.994650565438577,1117.0874066398303,,111.70874066398308
15.998587196060571,1.9428653298634784,0.01852954540568311,0.4944735665249821,1.6602484172126488,0.3459305077211828,0.017323988121458606,0.5742249884714028,3.092201468051675,92.5473347654048,2.745854887458067,59.005062217374366,2.2979016068564917,77.28706601812637,2.6824799942308943,26.585270039721365,1.8284838612923024,84.95699520863947,2.726102817974976,20.69862861698809,1.6942832526518965,112.51857449240472,3.0038886483790215,76.08266088903501,2.6693493126227184,302.89697722250605,3.285808645116813,105.48057846001223,2.869603024624688,958.0591479302124,,95.80591479302124
15.998587196060571,1.9428653298634784,0.01852954540568311,0.4944735665249821,1.6602484172126488,0.3459305077211828,0.017323988121458606,0.5742249884714028,3.092201468051675,92.5473347654048,2.745854887458067,59.005062217374366,2.297901606856492,77.28706601812637,2.6824799942308943,26.585270039721365,1.8284838612923024,84.95699520863947,2.7261028179749762,20.69862861698809,1.6942832526518965,112.51857449240472,3.003888648379021,76.08266088903501,2.6693493126227184,302.89697722250605,3.285808645116813,105.48057846001223,2.869603024624688,958.0591479302124,,95.80591479302124
20.0,2.038826162847136,0.021401037949005924,0.5229231506864946,1.7260024292832117,0.35227137712379336,0.022685639415399025,0.5261226044326487,3.1500052009415485,77.58255009844366,2.620284125639082,50.460936545066566,2.1875887298427696,67.03213969353051,2.561174518330162,23.30072918498621,1.7396907469626766,72.78677681631527,2.598391163347056,18.166175966014634,1.6148389130027805,97.02523713919216,2.8664120983664443,65.71077825235447,2.548340630435332,248.18989733701284,3.105510436602056,91.33329099969087,2.7341532133398503,811.5885120326071,24.57638457586821,81.15885120326072
21.209508879201906,2.0665974792287023,0.02237158219047635,0.5314737340098621,1.7459606954378304,0.35429998784195643,0.02441011563613369,0.512765077289286,3.1689096102150685,73.54024345721487,2.581815559588334,48.03674426171564,2.1537272079968632,64.14046243161826,2.5238871723468184,22.376610078070122,1.7127014208924134,69.37625802630474,2.5592123498112427,17.458594847253302,1.5907187420037592,92.51824943050556,2.8236292488706325,62.73029008814992,2.51086376177312,233.1044377697875,3.0504518276925743,87.24939209548086,2.6920615444384266,770.5312824861007,,77.05312824861008
21.209508879201906,2.0665974792287023,0.02237158219047635,0.5314737340098621,1.7459606954378304,0.35429998784195643,0.02441011563613369,0.512765077289286,3.1689096102150685,73.54024345721487,2.581815559588334,48.03674426171564,2.1537272079968632,64.14046243161826,2.5238871723468184,22.376610078070122,1.7127014208924134,69.37625802630474,2.5592123498112427,17.458594847253302,1.5907187420037592,92.51824943050556,2.8236292488706325,62.73029008814992,2.5108637617731198,233.1044377697875,3.0504518276925743,87.24939209548086,2.6920615444384266,770.5312824861007,,77.05312824861008
28.117686979742302,2.215021993040456,0.028973201809811375,0.5799800503851991,1.8614511808470564,0.3670181322687465,0.03458772023829745,0.4465081868232656,3.2895452705625647,54.083289554411365,2.360797211904432,35.90379820916315,1.95950664371174,49.43568499292314,2.308636367504913,17.688893029117576,1.5590336382868102,52.29584838636426,2.334156683964725,13.910134590695591,1.4535036151224374,69.38360911200405,2.574804506718136,47.539242263569,2.2938662107433654,160.00454567146676,2.737674419067005,66.14472146314083,2.4474085965635,566.3897672728558,,56.638976727285566
28.117686979742302,2.215021993040456,0.028973201809811375,0.5799800503851991,1.8614511808470564,0.3670181322687465,0.03458772023829745,0.4465081868232656,3.2895452705625647,54.083289554411365,2.3607972119044316,35.90379820916315,1.95950664371174,49.43568499292314,2.308636367504913,17.688893029117576,1.5590336382868102,52.29584838636426,2.334156683964725,13.910134590695591,1.4535036151224374,69.38360911200405,2.5748045067181358,47.539242263569,2.2938662107433654,160.00454567146676,2.737674419067005,66.14472146314083,2.4474085965634997,566.3897672728558,,56.638976727285566
37.27593720314938,2.3872232508647,0.04107893084016792,0.6442243649378606,2.0179261120391714,0.38577886193043204,0.04704665237851064,0.3829192944597782,3.477895285745753,36.02508119408967,2.0733573043893365,24.201230244218568,1.709167133334382,34.422932912655504,2.0264443886695003,12.911165618082922,1.3620222203152368,35.50165265697599,2.0427158185577188,10.357991752890085,1.2774417025469664,46.31672927124669,2.248322154163109,32.40942204711093,2.010493687509316,94.04707486315095,2.3438541785078613,44.54061816157895,2.126935961543704,370.7338987220003,,37.073389872200025
37.27593720314938,2.3872232508647,0.04107893084016792,0.6442243649378606,2.0179261120391714,0.385778861930432,0.04704665237851064,0.3829192944597782,3.477895285745753,36.02508119408967,2.0733573043893365,24.201230244218568,1.7091671333343819,34.422932912655504,2.0264443886695003,12.911165618082922,1.3620222203152368,35.50165265697599,2.0427158185577188,10.357991752890085,1.2774417025469664,46.31672927124669,2.248322154163109,32.40942204711093,2.010493687509316,94.04707486315095,2.3438541785078613,44.54061816157895,2.126935961543704,370.7338987220003,,37.073389872200025
49.41713361323834,2.5782435713869685,0.06398642368246737,0.7290795416768887,2.222661601064813,0.4101404773129266,0.05798537095639949,0.33315208116052697,3.7530190721715546,21.727156619703717,1.7288352125745634,14.806531715283196,1.4137537178674413,21.39451342540134,1.6862818921135807,8.71903508920012,1.1295245781103924,21.587664667687758,1.6968497759821184,7.2567150909937315,1.0684784232906106,27.41008671846476,1.8580714013581936,19.872686895480264,1.6721047426968123,46.73844557054586,1.8963381416253864,26.309930806002413,1.7463496865982029,215.8227665987632,,21.582276659876317
49.41713361323834,2.5782435713869685,0.06398642368246737,0.7290795416768887,2.222661601064813,0.4101404773129266,0.05798537095639949,0.33315208116052697,3.7530190721715546,21.727156619703717,1.7288352125745634,14.806531715283196,1.4137537178674413,21.39451342540134,1.6862818921135807,8.71903508920012,1.1295245781103924,21.587664667687758,1.6968497759821184,7.2567150909937315,1.0684784232906106,27.41008671846476,1.8580714013581936,19.872686895480264,1.6721047426968123,46.73844557054586,1.8963381416253864,26.309930806002413,1.7463496865982029,215.8227665987632,,21.582276659876317
50.0,2.5864811470299265,0.06528483795120894,0.7331160017062283,2.2321747969173162,0.4112312479173903,0.05831780487537331,0.33154296817048085,3.766382819586788,21.239724254789568,1.7137719810728833,14.4857241016143,1.4009592800889972,20.93049678047005,1.6713886374255982,8.567405187956929,1.1194424841889157,21.104618734393533,1.6818305109785778,7.143822453386205,1.0593702483166705,26.761469731409754,1.8410924186674544,19.43803641763087,1.6573635954132704,45.26400112571547,1.8774256845306767,25.67765659552567,1.7298836409408296,210.6129553828924,15.752528481623873,21.061295538289233
65.51285568595509,2.7800472548580584,0.10557487616910896,0.8375308040056837,2.4694709116473557,0.4355783908304176,0.06169686135699087,0.3058718912713233,4.1101488591117725,12.40520951862279,1.3675262551460043,8.676390511546442,1.1097273200971265,12.306368422981247,1.3293398923513562,5.678607708026581,0.8895679832640377,12.281531205635204,1.33907294546724,4.960901804283708,0.8502559780709846,15.05169438229493,1.4535490310134178,11.488986746807791,1.31982007980856,21.036877190881274,1.45773668389626,14.250904567661145,1.3568410368544528,118.13747205874112,,11.813747205874112
65.51285568595509,2.7800472548580584,0.10557487616910896,0.8375308040056837,2.469470911647356,0.4355783908304176,0.06169686135699087,0.3058718912713233,4.1101488591117725,12.40520951862279,1.3675262551460043,8.676390511546442,1.1097273200971265,12.306368422981247,1.3293398923513562,5.678607708026581,0.8895679832640377,12.281531205635204,1.3390729454672399,4.960901804283708,0.8502559780709846,15.05169438229493,1.4535490310134178,11.488986746807791,1.31982007980856,21.036877190881274,1.45773668389626,14.250904567661145,1.3568410368544528,118.13747205874112,,11.813747205874112
86.85113737513521,2.9847338158321586,0.17326451071258098,0.9687019826120682,2.740989346083373,0.4559808933963593,0.05607469276792075,0.3006842854279275,4.522431200287649,7.184123002022557,1.0376367214846909,5.243311453110909,0.837061454554631,7.071251286982496,1.0049210130370272,3.7882392916438,0.6734741282816996,7.057704928394778,1.0164697684826591,3.4680391986453065,0.6505664424604409,8.297835646878521,1.0902979578195366,6.7354107683738045,1.000294678741889,9.777740949131818,1.0826627865724323,7.7384612251237135,1.012474925510578,66.3621177503077,,6.6362117750307705
86.85113737513521,2.9847338158321586,0.17326451071258098,0.9687019826120682,2.740989346083373,0.4559808933963593,0.05607469276792075,0.3006842854279275,4.522431200287649,7.184123002022557,1.0376367214846909,5.243311453110909,0.837061454554631,7.071251286982496,1.0049210130370272,3.7882392916437997,0.6734741282816996,7.057704928394778,1.0164697684826591,3.4680391986453065,0.6505664424604409,8.297835646878521,1.0902979578195366,6.7354107683738045,1.000294678741889,9.777740949131818,1.0826627865724323,7.7384612251237135,1.012474925510578,66.3621177503077,,6.6362117750307705
100.0,3.086234120546244,0.2178855290222376,1.0419471798223807,2.8806991603191427,0.4631198221731263,0.050621438320801716,0.3045088068710036,4.7408964075064555,5.587842987962121,0.8932107561948629,4.187797936491117,0.7190481403700503,5.472870269273138,0.8636242992131926,3.1624778053668954,0.5796097538083663,5.475536202246072,0.8760994594226481,2.9523255715489487,0.5627026637189763,6.297670138781714,0.9333998754881244,5.272941221713928,0.8608642187754257,6.975865616019949,0.9249209591236752,5.848099536393953,0.8653432152900065,51.23342728579785,8.078823341405329,5.123342728579784
115.13953993264471,3.1863635852007937,0.2692289857470401,1.1195812567279704,3.021176899952569,0.4680658419044467,0.04418540183486894,0.31145428147238924,4.964463681892244,4.430622600326888,0.7637414625272924,3.416739365210214,0.6139003593437014,4.322978729457828,0.7374062737886603,2.6860950361700535,0.4957760098805861,4.337581371735668,0.7504935404575891,2.5490260736883052,0.4835919266037598,4.880688135224768,0.7939466320586589,4.208545866204181,0.7360198546672557,5.170041466121347,0.7862883028584436,4.527487565708936,0.7353275398469487,40.52980620984819,,4.052980620984819
115.13953993264471,3.1863635852007937,0.2692289857470401,1.1195812567279704,3.021176899952569,0.4680658419044467,0.04418540183486894,0.31145428147238924,4.964463681892244,4.430622600326888,0.7637414625272924,3.416739365210214,0.6139003593437014,4.322978729457828,0.7374062737886603,2.686095036170053,0.4957760098805861,4.337581371735668,0.7504935404575891,2.549026073688305,0.4835919266037598,4.880688135224768,0.7939466320586589,4.208545866204181,0.7360198546672557,5.170041466121347,0.7862883028584436,4.527487565708936,0.7353275398469487,40.52980620984819,,4.052980620984819
152.6417967175233,3.3804399214035303,0.3874060805340053,1.2859456371891598,3.2999664578758345,0.471731537433616,0.03048692677308032,0.3321232558435053,5.420253815115196,2.967003308852449,0.5481787338354441,2.426134252970523,0.44006775479823423,2.8875992013574034,0.5282003084816702,2.041661401347557,0.3566686856050508,2.9125608269032965,0.5413156086184697,1.9841904946403013,0.35089126955010563,3.1469736592039603,0.5644526083691924,2.854189659694181,0.5283175172856629,3.1799437267187662,0.5601732696947823,2.9392935004154785,0.5226744421557821,27.339550032103915,,2.7339550032103914
152.6417967175233,3.3804399214035303,0.3874060805340053,1.2859456371891598,3.2999664578758345,0.471731537433616,0.03048692677308032,0.3321232558435053,5.420253815115196,2.9670033088524486,0.5481787338354441,2.426134252970523,0.44006775479823423,2.8875992013574034,0.5282003084816702,2.041661401347557,0.3566686856050508,2.9125608269032965,0.5413156086184697,1.9841904946403013,0.35089126955010563,3.1469736592039603,0.5644526083691924,2.854189659694181,0.5283175172856629,3.1799437267187662,0.5601732696947823,2.9392935004154785,0.5226744421557821,27.339550032103915,,2.7339550032103914
200.0,3.555848194079033,0.5096265344050266,1.45524731189905,3.559243177710377,0.4686801237163109,0.01866361933422787,0.3575235588884349,5.8593577915484,2.1864020505962647,0.3901361674349207,1.883284897879818,0.3134512996895448,2.1339122263254158,0.3755041762817728,1.6668429438403012,0.2548354854053847,2.158660724312152,0.3873563083559767,1.6425676201867467,0.2525081682817351,2.2610523035914443,0.398531493803344,2.1255341642556984,0.3760529784655821,2.2552049143697204,0.397182293321938,2.140607756929548,0.36961912693213295,20.45406960228711,3.5151774979723323,2.0454069602287106
202.3589647725157,3.5631779632409333,0.5149204069582931,1.4627297100295262,3.5702338627409045,0.4684299416957811,0.01820715336599805,0.35871010748586296,5.8783107753180746,2.1612362259892444,0.38423247287037104,1.8654966614726067,0.3087322755165742,2.1097625687073047,0.36980985637941294,1.6542160875228835,0.2510299886724603,2.134386007677123,0.38158670364241615,1.6308572429778891,0.2488094399465525,2.233085813045163,0.3923751051520744,2.101931757583359,0.3703641592082569,2.2268987592735425,0.3911276675165935,2.1155092503574573,0.3639453858036815,20.233380374606565,,2.0233380374606575
202.3589647725157,3.5631779632409333,0.5149204069582931,1.4627297100295262,3.5702338627409045,0.4684299416957811,0.01820715336599805,0.35871010748586296,5.8783107753180746,2.1612362259892444,0.38423247287037104,1.8654966614726067,0.3087322755165742,2.1097625687073047,0.36980985637941294,1.6542160875228835,0.2510299886724603,2.134386007677123,0.38158670364241615,1.6308572429778891,0.2488094399465525,2.233085813045163,0.3923751051520744,2.101931757583359,0.3703641592082569,2.2268987592735425,0.3911276675165935,2.1155092503574573,0.3639453858036815,20.233380374606565,,2.0233380374606575
268.26957952797244,3.7313638074116167,0.6372124313414145,1.6436825281105945,3.8260970448637295,0.4602500490688402,0.008965944687277804,0.3886511586840642,6.327646725414506,1.6999780391131631,0.26304956124682016,1.5347046005967262,0.2119665153776437,1.6685341935338525,0.2530468152537205,1.414440088801422,0.17280554135081413,1.688886637262874,0.2627290188493572,1.4056361341530437,0.17239090244946653,1.7284875883508302,0.26672686094085285,1.6676650643168471,0.2535665451024897,1.7231063219159768,0.26724815265406165,1.6630058439121518,0.2481210946546531,16.19444451195689,,1.6194444511956885
268.26957952797244,3.7313638074116167,0.6372124313414145,1.6436825281105945,3.8260970448637295,0.4602500490688402,0.008965944687277804,0.3886511586840642,6.327646725414506,1.6999780391131631,0.26304956124682016,1.5347046005967262,0.2119665153776437,1.6685341935338525,0.2530468152537205,1.414440088801422,0.17280554135081413,1.688886637262874,0.2627290188493572,1.4056361341530437,0.17239090244946653,1.7284875883508302,0.26672686094085285,1.6676650643168471,0.2535665451024897,1.7231063219159768,0.26724815265406165,1.6630058439121518,0.2481210946546531,16.19444451195689,,1.6194444511956885
355.6480306223128,3.8825471099009614,0.743093261468478,1.821811083131989,4.062671214547754,0.4493542879518621,0.003159660217349365,0.42007977116890427,6.757076017017857,1.4270622525502934,0.17592860680647693,1.3331788382904066,0.14240327882013534,1.4083119945971398,0.1692114950807763,1.2628928201516154,0.11631503040211452,1.4236680672580913,0.1766256348128504,1.2601886877196085,0.11669407656667805,1.4381025519989374,0.17732307636893552,1.4088611345553703,0.16956471439797818,1.4367694719358857,0.1785469965381842,1.4018054096153134,0.16553866424041438,13.800841228672665,,1.3800841228672662
355.6480306223128,3.8825471099009614,0.743093261468478,1.821811083131989,4.062671214547754,0.4493542879518621,0.003159660217349365,0.42007977116890427,6.757076017017857,1.4270622525502934,0.17592860680647693,1.3331788382904066,0.14240327882013534,1.4083119945971398,0.1692114950807763,1.2628928201516154,0.11631503040211452,1.4236680672580913,0.1766256348128504,1.2601886877196085,0.11669407656667805,1.4381025519989374,0.17732307636893552,1.4088611345553703,0.16956471439797818,1.4367694719358857,0.1785469965381842,1.4018054096153134,0.16553866424041438,13.800841228672665,,1.3800841228672662
471.4866363457394,4.015265104972813,0.8270701176393509,1.9905158405356282,4.276063021867151,0.43764335802595705,0.00043967883083445564,0.4514637003714369,7.156125599631008,1.26177343970223,0.11503519300235195,1.2078859437339071,0.09364958115064542,1.2506672301217727,0.11064105713010586,1.166051619507106,0.07657533598302718,1.2615844158843212,0.11599918532375315,1.1657657619227162,0.07720689741958764,1.2657767192086544,0.11536808289017393,1.251229515887623,0.11084002406281654,1.2665351196956305,0.1166632898213027,1.2456373614022056,0.10810098405513698,12.342907127066164,,1.2342907127066167
471.4866363457394,4.015265104972813,0.8270701176393509,1.990515840535628,4.276063021867151,0.43764335802595705,0.00043967883083445564,0.4514637003714369,7.156125599631008,1.26177343970223,0.11503519300235195,1.2078859437339071,0.09364958115064542,1.2506672301217727,0.11064105713010586,1.166051619507106,0.07657533598302718,1.2615844158843212,0.11599918532375315,1.1657657619227162,0.07720689741958764,1.2657767192086544,0.11536808289017393,1.251229515887623,0.11084002406281654,1.2665351196956305,0.1166632898213027,1.2456373614022056,0.10810098405513698,12.342907127066164,,1.2342907127066167
500.0,4.040526259624421,0.8417056733417876,2.0239259003881456,4.317346927393208,0.4352376802276081,0.00019940777514782648,0.4578667568082805,7.234576672592389,1.2364147094108169,0.10500896189871617,1.1883721725351617,0.08559928108785482,1.2264564450183686,0.10099802024216448,1.1507616852044529,0.07000114424917522,1.2365649711151516,0.10597439251025788,1.1507373842781243,0.07064620364758835,1.2396051725025168,0.10521488698560832,1.2269764472116005,0.10117096453672413,1.2405778740716575,0.10648087478790562,1.2217842406830828,0.09866233540788293,12.11825110203093,0.9497570653538778,1.2118251102030932
625.0551925273968,4.129134687429603,0.8889171804191659,2.1443686131867485,4.464044941478848,0.4264593658978657,0.00010474367668905262,0.4814817763816037,7.516459440621755,1.1603042002952575,0.07364077695767222,1.129217596753336,0.06034395114410233,1.1537222159348195,0.07082857316639378,1.1040390919240737,0.049354673554217146,1.1611489833416488,0.07452115105143738,1.1045845348388104,0.04998212396715963,1.1615257631321665,0.0735480284737104,1.1540658174936025,0.07092314756911783,1.162870152235802,0.07463580345028745,1.1503160825981522,0.06916029339249218,11.441794438547669,,1.144179443854767
625.0551925273968,4.129134687429603,0.8889171804191659,2.1443686131867485,4.464044941478848,0.4264593658978657,0.00010474367668905262,0.4814817763816037,7.516459440621755,1.1603042002952575,0.07364077695767222,1.129217596753336,0.06034395114410233,1.1537222159348195,0.07082857316639378,1.1040390919240737,0.049354673554217146,1.1611489833416488,0.07452115105143738,1.1045845348388104,0.04998212396715963,1.1615257631321665,0.0735480284737104,1.1540658174936025,0.07092314756911783,1.162870152235802,0.07463580345028745,1.1503160825981522,0.06916029339249218,11.441794438547669,,1.144179443854767
828.6427728546843,4.224769335193204,0.9317148474460216,2.2799184416262896,4.625879514908978,0.41661302259538896,0.0013765656632063119,0.5091194220991293,7.832906966892992,1.097702906605692,0.04624066341059506,1.0797536928922102,0.03815472812861472,1.0937943953653864,0.04447488380496682,1.0645185175154852,0.03119076169689501,1.0986739677214985,0.046922085673129006,1.065241281305465,0.031716497037897126,1.097887185947803,0.04602501080636507,1.0939624875216218,0.044510110594420116,1.099140021782887,0.04683558329775347,1.0916230092316792,0.04341729832745712,10.882297465889726,,1.0882297465889728
828.6427728546843,4.224769335193204,0.9317148474460216,2.2799184416262896,4.625879514908978,0.41661302259538896,0.0013765656632063119,0.5091194220991293,7.832906966892992,1.097702906605692,0.04624066341059506,1.0797536928922102,0.03815472812861472,1.0937943953653864,0.04447488380496682,1.0645185175154852,0.03119076169689501,1.0986739677214985,0.046922085673129006,1.065241281305465,0.031716497037897126,1.097887185947803,0.04602501080636507,1.0939624875216218,0.044510110594420116,1.099140021782887,0.04683558329775347,1.0916230092316792,0.04341729832745712,10.882297465889726,,1.0882297465889728
1000.0,4.279058209887303,0.9518053634578472,2.3593323556773327,4.719543185587825,0.4109654181419617,0.0027693678806289005,0.5258747248969609,8.018485052184706,1.0699745463633297,0.033584269796591966,1.0575405343306954,0.02784139766289143,1.0672122645659563,0.03230192666690099,1.0466316466938368,0.02274347958689502,1.0708411163106015,0.03412848840289249,1.0473252524409151,0.0231886316752726,1.0698930554047446,0.0333634605385848,1.0673048451491236,0.03231503869294648,1.0709562364314071,0.03400150570865638,1.0656327690099454,0.03153172015382645,10.633312266700557,0.3049999188854586,1.0633312266700556
1098.5411419875572,4.303559154368776,0.9598105515730462,2.395729279305792,4.762276002510174,0.40842886773366055,0.0035637496039119493,0.5337055244568963,8.103703423610435,1.0591450648588685,0.028547203539277668,1.0488012600307142,0.02372071690348856,1.0568233785772432,0.027457421044861,1.0395709667247752,0.019368276466002428,1.0599393930027927,0.029027852874332787,1.0402309350866341,0.019774200077238468,1.058996860057121,0.02833496829385505,1.0568886281902992,0.0274630728217269,1.0599561972611564,0.028895484714368112,1.0554806229827474,0.02680185601553316,10.53583330677235,,1.053583330677235
1098.5411419875572,4.303559154368776,0.9598105515730462,2.395729279305792,4.762276002510174,0.40842886773366055,0.0035637496039119493,0.5337055244568963,8.103703423610435,1.0591450648588685,0.028547203539277668,1.0488012600307142,0.02372071690348856,1.0568233785772432,0.027457421044861,1.0395709667247752,0.019368276466002428,1.0599393930027927,0.029027852874332787,1.040230935086634,0.019774200077238468,1.058996860057121,0.02833496829385505,1.0568886281902992,0.0274630728217269,1.0599561972611564,0.028895484714368112,1.0554806229827474,0.02680185601553316,10.53583330677235,,1.053583330677235
1456.3484775012446,4.367388464941056,0.9774352294494386,2.49211201646542,4.875050884990436,0.4019115469306067,0.006134578910688832,0.5549269906963142,8.330136017993466,1.035537269955198,0.017372543768467124,1.0295983857532782,0.014535261829525319,1.0341618608258798,0.016710707242178668,1.0240116255282263,0.011846356515173488,1.0361044721799546,0.017691831188407874,1.0245452704784974,0.012147634283870015,1.0353265957858389,0.01720447573392945,1.034175183363771,0.016703377250879153,1.0359928707580026,0.0175728482503178,1.0333425062994053,0.01630876777763288,10.322796040928052,,1.0322796040928053
1456.3484775012446,4.367388464941056,0.9774352294494386,2.49211201646542,4.875050884990436,0.4019115469306067,0.006134578910688832,0.5549269906963142,8.330136017993466,1.0355372699551981,0.017372543768467124,1.0295983857532782,0.014535261829525319,1.0341618608258798,0.016710707242178668,1.0240116255282263,0.011846356515173488,1.0361044721799546,0.017691831188407874,1.0245452704784974,0.012147634283870015,1.0353265957858389,0.01720447573392945,1.034175183363771,0.016703377250879153,1.0359928707580026,0.0175728482503178,1.0333425062994053,0.01630876777763288,10.322796040928052,,1.0322796040928053
1930.6977288832493,4.41836204448472,0.9880449187368824,2.5705991932875905,4.966729375740826,0.3968734789545719,0.008727108538961803,0.5727720391797145,8.515701195701665,1.0212053620998025,0.010451542130326721,1.0178127819413771,0.008804713107827464,1.0203952046877556,0.01005571564735205,1.0144347739355577,0.0071572587715241,1.021581230019943,0.010654863742720629,1.0148467886501529,0.007378318013928724,1.0210224997986437,0.010331612831169823,1.0203850528399352,0.01004357323449925,1.0214592738738946,0.010565192646965774,1.0198955610409397,0.009809296028049749,10.193038528888003,,1.0193038528888
1930.6977288832493,4.41836204448472,0.9880449187368824,2.5705991932875905,4.966729375740826,0.3968734789545719,0.008727108538961803,0.5727720391797145,8.515701195701665,1.0212053620998025,0.010451542130326721,1.0178127819413771,0.008804713107827464,1.0203952046877556,0.01005571564735205,1.0144347739355577,0.0071572587715241,1.021581230019943,0.010654863742720629,1.0148467886501529,0.007378318013928724,1.0210224997986437,0.010331612831169823,1.0203850528399352,0.01004357323449925,1.0214592738738946,0.010565192646965774,1.0198955610409397,0.009809296028049749,10.193038528888003,,1.0193038528888
2559.547922699533,4.458585706460464,0.9941796257130628,2.6334028652653623,5.04018186452374,0.39305753470742943,0.011125904826910208,0.5874508690381157,8.665219038361556,1.0125858719476024,0.006235876023859388,1.0106610273580876,0.005290992412806692,1.0121126879252336,0.006002664824881974,1.0086159721610704,0.004285314852429946,1.0128229893798075,0.006361154346461136,1.0089315908647485,0.004449224084096171,1.0124504147999742,0.006155301858799068,1.0120931169049634,0.005989298826549889,1.0127264724997922,0.006299774107816038,1.0118047144610185,0.0058499454393309645,10.114804858302296,,1.0114804858302298
2559.547922699533,4.458585706460464,0.9941796257130628,2.6334028652653623,5.04018186452374,0.39305753470742943,0.011125904826910208,0.5874508690381157,8.665219038361556,1.0125858719476024,0.006235876023859388,1.0106610273580876,0.005290992412806692,1.0121126879252336,0.006002664824881974,1.0086159721610704,0.004285314852429946,1.0128229893798075,0.006361154346461136,1.0089315908647485,0.004449224084096171,1.0124504147999742,0.006155301858799068,1.0120931169049634,0.005989298826549889,1.0127264724997922,0.006299774107816038,1.0118047144610185,0.0058499454393309645,10.114804858302296,,1.0114804858302298
3393.2217718953298,4.490017868349135,0.9975740379446016,2.682967665965581,5.098315854153392,0.3902018924714771,0.01322525907308945,0.5993065202269424,8.78401719189048,1.0074497548340235,0.0037036934174965283,1.0063686644265406,0.003168332375741433,1.0071763931884543,0.0035683731336738187,1.0051227415508233,0.0025525925483042373,1.0075935731699217,0.003778574617989776,1.0053685670262529,0.0026775653913923914,1.007356770751888,0.0036514879957838474,1.0071537288827066,0.0035551607471364095,1.007527400608092,0.003739469968529127,1.006982300205764,0.0034716035099268713,10.068099894644467,,1.0068099894644469
3393.2217718953298,4.490017868349135,0.9975740379446016,2.682967665965581,5.098315854153392,0.3902018924714771,0.01322525907308945,0.5993065202269424,8.78401719189048,1.0074497548340235,0.0037036934174965283,1.0063686644265406,0.003168332375741433,1.0071763931884543,0.0035683731336738187,1.0051227415508233,0.0025525925483042373,1.0075935731699217,0.003778574617989776,1.0053685670262529,0.0026775653913923914,1.007356770751888,0.0036514879957838474,1.0071537288827066,0.0035551607471364095,1.007527400608092,0.003739469968529127,1.006982300205764,0.0034716035099268713,10.068099894644467,,1.0068099894644469
4498.432668969444,4.514387578104466,0.9993501982862718,2.721661369841299,5.143853176221487,0.3880814778592949,0.014992853399699978,0.6087408435322664,8.877329720854052,1.0044154525079876,0.0022002133171656717,1.003818288809614,0.0019019926309094101,1.0042596835909372,0.0021229915500972337,1.0030479805011687,0.0015203040617407385,1.0044991791314462,0.002243397119145105,1.0032457133017727,0.0016194626680502214,1.004354080056785,0.0021670311483040256,1.004236508730237,0.00211034311939628,1.004458486541753,0.002220299676258025,1.0041330975770253,0.0020595462632912315,10.040468470748726,,1.0040468470748727
4498.432668969444,4.514387578104466,0.9993501982862718,2.721661369841299,5.143853176221487,0.3880814778592949,0.014992853399699978,0.6087408435322664,8.877329720854052,1.0044154525079876,0.0022002133171656717,1.003818288809614,0.0019019926309094101,1.0042596835909372,0.0021229915500972337,1.0030479805011687,0.0015203040617407385,1.0044991791314462,0.002243397119145105,1.0032457133017727,0.0016194626680502214,1.004354080056785,0.0021670311483040256,1.004236508730237,0.00211034311939628,1.004458486541753,0.002220299676258025,1.0041330975770253,0.0020595462632912315,10.040468470748726,,1.0040468470748727
5963.623316594638,4.533163966354901,1.0002052529659948,2.751621107106237,5.1792326868073095,0.38650951068796985,0.016440233428052325,0.6161587301770597,8.949962268206631,1.0026360294950922,0.0013157411307258007,1.0023160925991084,0.0011542256095924185,1.0025488451224984,0.0012725529167871743,1.001826870142756,0.0009115992049912325,1.0026819999741594,0.0013392993865968758,1.0019923584789483,0.0009938948323921669,1.0025961325469743,0.0012947287411361394,1.0025260710145494,0.0012605027862608012,1.0026602214521212,0.0013271753182179955,1.002462422836542,0.00122902432024812,10.024247043662749,,1.002424704366275
5963.623316594638,4.533163966354901,1.0002052529659948,2.751621107106237,5.1792326868073095,0.38650951068796985,0.016440233428052325,0.6161587301770597,8.949962268206631,1.0026360294950922,0.0013157411307258007,1.0023160925991084,0.0011542256095924185,1.0025488451224984,0.0012725529167871743,1.001826870142756,0.0009115992049912325,1.0026819999741594,0.0013392993865968758,1.0019923584789483,0.0009938948323921669,1.0025961325469743,0.0012947287411361394,1.0025260710145494,0.0012605027862608012,1.0026602214521212,0.0013271753182179955,1.002462422836542,0.00122902432024812,10.024247043662749,,1.002424704366275
7906.043210907701,4.547559924168183,1.0005563169616676,2.7746691899039257,5.2065412162338935,0.3853461913576403,0.017601529795044337,0.6219369305691318,9.006095057859635,1.0015988869964123,0.0007992005888140914,1.001437651405056,0.0007162687854672484,1.0015513186024287,0.000775706788965301,1.0011135661522474,0.0005556137622983061,1.0016214485739967,0.0008107045198737062,1.0012577272509986,0.0006269564880466855,1.0015728043458705,0.0007857228666749718,1.0015291669983497,0.0007641669307604103,1.0016129315546705,0.0008059231461130254,1.001488976142839,0.0007441714871929254,10.014784478022868,,1.001478447802287
7906.043210907701,4.547559924168183,1.0005563169616676,2.7746691899039257,5.2065412162338935,0.3853461913576403,0.017601529795044337,0.6219369305691318,9.006095057859635,1.0015988869964123,0.0007992005888140914,1.001437651405056,0.0007162687854672484,1.0015513186024287,0.000775706788965301,1.0011135661522474,0.0005556137622983061,1.0016214485739967,0.0008107045198737062,1.0012577272509986,0.0006269564880466855,1.0015728043458705,0.0007857228666749718,1.0015291669983497,0.0007641669307604103,1.0016129315546705,0.0008059231461130254,1.001488976142839,0.0007441714871929254,10.014784478022868,,1.001478447802287
10000.0,4.556923546719732,1.0006424057778565,2.7896949288077493,5.224388640893261,0.3846092124719777,0.01838115888853107,0.6257379706773456,9.042811911738863,1.0010763528822877,0.0005386451330137598,1.000994142805432,0.0004949480734068815,1.0010484814513465,0.0005249457460511243,1.0007538632452104,0.00037597423535148,1.001086429457982,0.0005437569585709486,1.0008859279538351,0.00044117974493712586,1.0010576873659032,0.0005291154850029213,1.001026830651378,0.0005137476954672582,1.0010856853446684,0.0005431606440253674,1.000998779226589,0.0004997311977616061,10.010014180384632,0.0050052049135884714,1.0010014180384634
10481.131341546852,4.558555233669727,1.0006459331585271,2.7923159484276714,5.227506182018922,0.3844822987562704,0.018518992433413768,0.6264037622675404,9.049227183903817,1.0009975392537829,0.0004993260842452339,1.0009271916615714,0.00046152536371481766,1.0009726086621518,0.0004870885965344508,1.00069960534386,0.0003488694945898937,1.0010056679293324,0.0005034430342688778,1.000829714545519,0.00041308822671741187,1.00098002360871,0.000490401968842879,1.0009510503794414,0.000475950230484813,1.00100619687416,0.0005035241520404627,1.0009248711267071,0.0004628586863468753,10.009294469385237,,1.0009294469385235
10481.131341546852,4.558555233669727,1.0006459331585271,2.7923159484276714,5.227506182018922,0.3844822987562704,0.018518992433413768,0.6264037622675404,9.049227183903817,1.0009975392537829,0.0004993260842452339,1.0009271916615714,0.00046152536371481766,1.0009726086621518,0.0004870885965344508,1.00069960534386,0.0003488694945898937,1.0010056679293324,0.0005034430342688778,1.000829714545519,0.0004130882267174119,1.00098002360871,0.000490401968842879,1.0009510503794414,0.000475950230484813,1.00100619687416,0.0005035241520404627,1.0009248711267071,0.0004628586863468753,10.009294469385237,,1.0009294469385235
13894.95494373136,4.566928391237875,1.000610109421499,2.8057790905981483,5.2435372467367225,0.3838408156711515,0.01923574307126181,0.6298374308474005,9.082230326924686,1.0006501902641385,0.00032597225453953984,1.0006319404243869,0.000314091282132712,1.0006380488841995,0.0003200881290756003,1.0004605521533771,0.0002294232028990648,1.0006494097811154,0.0003255475281717524,1.0005813718915333,0.0002889757468300464,1.0006378524234736,0.0003197509075187032,1.0006169807232186,0.00030925405748628365,1.0006560458709122,0.00032884757317266623,1.0005992996148612,0.00030037316814709086,10.006121692031217,,1.0006121692031218
13894.95494373136,4.566928391237875,1.000610109421499,2.8057790905981483,5.2435372467367225,0.3838408156711515,0.01923574307126181,0.6298374308474005,9.082230326924686,1.0006501902641385,0.00032597225453953984,1.0006319404243869,0.000314091282132712,1.0006380488841995,0.0003200881290756003,1.0004605521533771,0.0002294232028990648,1.0006494097811154,0.0003255475281717524,1.0005813718915333,0.0002889757468300464,1.0006378524234736,0.0003197509075187032,1.0006169807232186,0.00030925405748628365,1.0006560458709122,0.00032884757317266623,1.0005992996148612,0.00030037316814709086,10.006121692031217,,1.0006121692031218
18420.699693267165,4.573290232273494,1.000522672107683,2.8160208615297435,5.2557549513878845,0.3833625488946569,0.01979079073971889,0.6324648209370769,9.107393973489085,1.0004502171332326,0.0002261168429338562,1.0004618796793283,0.00022913870431267192,1.0004452022521948,0.00022376627690230761,1.0003231291489258,0.00016073601572386058,1.0004439066797302,0.00022288033765165821,1.0004377575100438,0.0002171991649058985,1.000440947816263,0.00022147645730844498,1.0004245160524048,0.0002131593258693969,1.0004546628483542,0.00022832312191316162,1.0004120784872477,0.00020688888748160184,10.004294297607725,,1.0004294297607725
18420.699693267165,4.573290232273494,1.000522672107683,2.8160208615297435,5.2557549513878845,0.3833625488946569,0.01979079073971889,0.6324648209370769,9.107393973489085,1.0004502171332326,0.0002261168429338562,1.0004618796793283,0.00022913870431267192,1.0004452022521948,0.00022376627690230761,1.0003231291489258,0.00016073601572386058,1.0004439066797302,0.00022288033765165821,1.0004377575100438,0.0002171991649058985,1.000440947816263,0.00022147645730844498,1.0004245160524048,0.0002131593258693969,1.0004546628483542,0.00022832312191316162,1.0004120784872477,0.00020688888748160184,10.004294297607725,,1.0004294297607725
24420.5309454865,4.578115481564899,1.00042162953641,2.823796104553007,5.265044004337841,0.3830052787036228,0.020217868297798067,0.6344684162838834,9.126531672176153,1.0003353472273993,0.00016873652134096766,1.000364226574845,0.00018034511349740589,1.0003342374953206,0.00016831648859900086,1.0002444107694202,0.00012138153449962178,1.000325569504159,0.00016373988425292163,1.0003548640198459,0.00017577127229121732,1.0003278685730486,0.00016500987457525096,1.0003138409210548,0.00015787801164106842,1.000339122423891,0.000170623779668717,1.0003047014899362,0.00015325620635054418,10.00324418899892,,1.000324418899892
24420.5309454865,4.578115481564899,1.00042162953641,2.823796104553007,5.265044004337841,0.3830052787036228,0.020217868297798067,0.6344684162838834,9.126531672176153,1.0003353472273993,0.00016873652134096766,1.000364226574845,0.00018034511349740589,1.0003342374953206,0.00016831648859900086,1.0002444107694202,0.00012138153449962178,1.000325569504159,0.00016373988425292163,1.000354864019846,0.00017577127229121732,1.0003278685730486,0.00016500987457525096,1.0003138409210548,0.00015787801164106842,1.000339122423891,0.000170623779668717,1.0003047014899362,0.00015325620635054418,10.00324418899892,,1.000324418899892
32374.575428176402,4.581770414864309,1.0003251175638403,2.829689397856478,5.272093099529863,0.3827379988205468,0.020544889242433376,0.6359923561496561,9.141057741598976,1.0002694705059532,0.00013582122094696033,1.0003082917411112,0.00015239245384426499,1.000270453199836,0.0001364309246131416,1.0001994630583793,9.890600422547276e-05,1.0002574896334728,0.00012970722038051712,1.0003070625902175,0.00015188336686609285,1.0002630231421283,0.0001326170069193491,1.000250273564741,0.00012611728086991665,1.0002729600295301,0.0001375727886756775,1.0002432510796124,0.00012255735768358674,10.002641738544984,,1.0002641738544984
32374.575428176402,4.581770414864309,1.0003251175638403,2.829689397856478,5.272093099529863,0.3827379988205468,0.020544889242433376,0.6359923561496561,9.141057741598976,1.0002694705059532,0.00013582122094696033,1.0003082917411112,0.00015239245384426499,1.0002704531998359,0.0001364309246131416,1.0001994630583793,9.890600422547276e-05,1.0002574896334728,0.00012970722038051712,1.0003070625902175,0.00015188336686609285,1.0002630231421283,0.0001326170069193491,1.000250273564741,0.00012611728086991665,1.00027296002953,0.0001375727886756775,1.0002432510796124,0.00012255735768358674,10.002641738544984,,1.0002641738544984
42919.34260128778,4.584536082205158,1.000240643032758,2.8341510920834407,5.277434516376057,0.3825376599147191,0.020794370000275127,0.6371491179394236,9.152066756313916,1.0002317319920542,0.00011696172976640088,1.0002763195872153,0.0001364134542311729,1.000233800024832,0.00011810178600809073,1.000173875641141,8.610898140305584e-05,1.0002183288807505,0.00011012675162533838,1.0002794968512474,0.00013810959667917233,1.0002258713602754,0.00011405306648630857,1.0002137821365948,0.0001078807642330576,1.0002351296615182,0.0001186703417001352,1.0002081469250441,0.00010501878473320867,10.002296483060672,,1.000229648306067
42919.34260128778,4.584536082205158,1.000240643032758,2.8341510920834407,5.277434516376057,0.3825376599147191,0.020794370000275127,0.6371491179394236,9.152066756313916,1.0002317319920542,0.00011696172976640088,1.0002763195872153,0.0001364134542311729,1.000233800024832,0.00011810178600809073,1.000173875641141,8.610898140305584e-05,1.0002183288807505,0.00011012675162533838,1.0002794968512474,0.00013810959667917233,1.0002258713602754,0.00011405306648630857,1.0002137821365948,0.00010788076423305759,1.0002351296615182,0.0001186703417001352,1.000208146925044,0.00010501878473320867,10.002296483060672,,1.000229648306067
56898.66029018293,4.586627240590981,1.0001702005424569,2.8375256040093286,5.281477854586283,0.3823873490672598,0.020984178839243785,0.6380258831920053,9.160400869694124,1.0002101245043966,0.0001061620578776705,1.000258075176944,0.0001272949249741535,1.0002127274205213,0.0001075603565530139,1.0001593527194823,7.884419465640824e-05,1.0001957870211076,9.885348350167484e-05,1.0002635835316729,0.00013015951916946534,1.0002045935294956,0.00010341868885631344,1.0001928300110374,9.740820783819937e-05,1.0002135224870743,0.00010787190870066442,1.0001881226441167,9.501421461054676e-05,10.002098719045847,,1.0002098719045849
56898.66029018293,4.586627240590981,1.0001702005424569,2.8375256040093286,5.281477854586283,0.3823873490672598,0.020984178839243785,0.6380258831920053,9.160400869694124,1.0002101245043966,0.0001061620578776705,1.000258075176944,0.0001272949249741535,1.0002127274205213,0.0001075603565530139,1.0001593527194823,7.884419465640824e-05,1.0001957870211076,9.885348350167484e-05,1.0002635835316729,0.00013015951916946534,1.0002045935294956,0.00010341868885631344,1.0001928300110374,9.740820783819937e-05,1.0002135224870743,0.00010787190870066442,1.0001881226441167,9.501421461054676e-05,10.002098719045847,,1.0002098719045849
75431.20063354608,4.588207473443672,1.0001132578650351,2.84007681955876,5.284535208432972,0.3822743088494964,0.021128262794003417,0.6386895410544599,9.166704140689689,1.0001977553812855,9.997910414437167e-05,1.0002476820927522,0.00012210045694734486,1.0002005987949227,0.00010149078271492806,1.00015113800914,7.473398841969816e-05,1.000182792918637,9.23537293738812e-05,1.0002543790574396,0.00012556208251049758,1.0001924070203043,9.732693530084286e-05,1.0001807912094072,9.138997596133108e-05,1.0002011928958716,0.00010170897373521908,1.000176716547258,8.931578835741229e-05,10.00198545392702,,1.000198545392702
75431.20063354608,4.588207473443672,1.0001132578650351,2.84007681955876,5.284535208432972,0.3822743088494964,0.021128262794003417,0.6386895410544599,9.166704140689689,1.0001977553812855,9.997910414437167e-05,1.0002476820927522,0.00012210045694734486,1.0002005987949227,0.00010149078271492806,1.0001511380091401,7.473398841969816e-05,1.000182792918637,9.23537293738812e-05,1.0002543790574396,0.00012556208251049758,1.0001924070203043,9.732693530084286e-05,1.0001807912094072,9.138997596133108e-05,1.0002011928958716,0.00010170897373521908,1.000176716547258,8.931578835741229e-05,10.00198545392702,,1.000198545392702
100000.0,4.589401087184104,1.0000680959671064,2.8420040424297035,5.286846203354325,0.3821893314406817,0.021237483052290704,0.6391915426470927,9.171468602924094,1.0001906712386948,9.643757744171132e-05,1.0002417689415832,0.00011914514582792375,1.00019360272445,9.798815997201445e-05,1.0001465084119374,7.241689320577626e-05,1.0001752830704158,8.859637132811085e-05,1.0002490370335748,0.0001228945885831483,1.0001854222514224,9.383484772291466e-05,1.0001738622047092,8.792571059709688e-05,1.0001941607688911,9.819336751493544e-05,1.0001702266996535,8.607389435458181e-05,10.001920543345332,,1.0001920543345333
100000.0,4.589401087184104,1.0000680959671064,2.8420040424297035,5.286846203354325,0.3821893314406817,0.021237483052290704,0.6391915426470927,9.171468602924094,1.0001906712386948,9.643757744171132e-05,1.0002417689415832,0.00011914514582792375,1.00019360272445,9.798815997201445e-05,1.0001465084119374,7.241689320577626e-05,1.0001752830704158,8.859637132811085e-05,1.0002490370335748,0.0001228945885831483,1.0001854222514224,9.383484772291466e-05,1.0001738622047092,8.792571059709688e-05,1.0001941607688911,9.819336751493544e-05,1.0001702266996535,8.607389435458181e-05,10.001920543345332,0.0009635065565482137,1.0001920543345333
100000.0,4.589401087184104,1.0000680959671064,2.8420040424297035,5.286846203354325,0.3821893314406817,0.021237483052290704,0.6391915426470927,9.171468602924094,1.0001906712386948,9.643757744171132e-05,1.0002417689415832,0.00011914514582792375,1.00019360272445,9.798815997201445e-05,1.0001465084119374,7.241689320577626e-05,1.0001752830704158,8.859637132811085e-05,1.0002490370335748,0.0001228945885831483,1.0001854222514224,9.383484772291466e-05,1.0001738622047092,8.792571059709688e-05,1.0001941607688911,9.819336751493544e-05,1.0001702266996535,8.607389435458181e-05,10.001920543345332,,1.0001920543345333
