,loss,kish ratio,chi2s A1,chi2s A2,chi2s A3,chi2s A4,chi2s A5,chi2 tot,Kish size A1_MS,D_KL A1_MS,Kish size A1_MD,D_KL A1_MD,Kish size A2_MS,D_KL A2_MS,Kish size A2_MD,D_KL A2_MD,Kish size A3_MS,D_KL A3_MS,Kish size A3_MD,D_KL A3_MD,Kish size A4_MS,D_KL A4_MS,Kish size A4_MD,D_KL A4_MD,Kish size A5_MS,D_KL A5_MS,Kish size A5_MD,D_KL A5_MD,Kish size tot,D_KL tot,av. Kish size
0.001,0.053460286508002136,0.0014811969141243265,1.0006602741020462e-05,7.067600856948408e-05,2.7469587314504973e-05,0.00015033147540039274,6.566004342841372e-06,0.00026504967836824363,3847.7751786944696,6.505529658304666,846.964007917256,4.785228839418347,337.122551662837,4.616136566791639,352.56610876120163,4.107416116866927,3281.7584710380825,6.2169452445297075,531.369337209503,4.471915942775578,722.7709999138701,5.117847053341839,800.0536258323842,4.974836583806625,859.2709519375426,5.5160088857539264,5073.489942099944,7.0158967770543645,16653.14117506709,,1665.314117506709
0.001,0.053460286508002136,0.0014811969141243265,1.0006602741020462e-05,7.067600856948408e-05,2.7469587314504973e-05,0.00015033147540039274,6.566004342841372e-06,0.00026504967836824363,3847.7751786944696,6.505529658304666,846.964007917256,4.785228839418347,337.122551662837,4.616136566791639,352.56610876120163,4.107416116866927,3281.7584710380825,6.2169452445297075,531.369337209503,4.471915942775578,722.7709999138701,5.117847053341839,800.0536258323842,4.974836583806625,859.2709519375426,5.5160088857539264,5073.489942099944,7.0158967770543645,16653.14117506709,53.32776166864362,1665.314117506709
0.001,0.053460286508002136,0.0014811969141243265,1.0006602741020462e-05,7.067600856948408e-05,2.7469587314504973e-05,0.00015033147540039274,6.566004342841372e-06,0.00026504967836824363,3847.7751786944696,6.505529658304666,846.964007917256,4.785228839418347,337.122551662837,4.6161365667916385,352.56610876120163,4.1074161168669265,3281.7584710380825,6.216945244529708,531.369337209503,4.471915942775578,722.7709999138701,5.117847053341839,800.0536258323842,4.974836583806625,859.2709519375426,5.5160088857539264,5073.489942099944,7.0158967770543645,16653.14117506709,,1665.314117506709
0.0015998587196060573,0.0822615302219561,0.0015935212471190024,0.000358771680467389,0.000425708645515552,3.0365505944725436e-06,8.480117828912904e-06,3.2018072222581165e-07,0.0007963171751285522,179.97628010157402,3.649130744903221,4606.382770645872,5.193938752621672,334.0139611900743,4.051192081347724,6818.586297404791,7.521737047229979,1870.6577753039176,4.8856311469257445,8603.474350234257,6.039718328040296,4203.386743560566,5.6531219999101525,2995.542726362642,5.381964214676192,1341.2368476357553,4.19422691589144,990.9409890239681,4.598464286253466,31944.198741463417,,3194.4198741463415
0.0015998587196060573,0.0822615302219561,0.0015935212471190024,0.000358771680467389,0.000425708645515552,3.0365505944725436e-06,8.480117828912904e-06,3.2018072222581165e-07,0.0007963171751285522,179.97628010157402,3.6491307449032213,4606.382770645872,5.193938752621672,334.0139611900743,4.051192081347724,6818.586297404791,7.521737047229979,1870.6577753039176,4.8856311469257445,8603.474350234257,6.039718328040296,4203.386743560566,5.6531219999101525,2995.542726362642,5.3819642146761915,1341.2368476357553,4.19422691589144,990.9409890239681,4.598464286253466,31944.198741463417,,3194.4198741463415
0.002559547922699536,0.13122624922632484,0.0016195307658113786,0.0009115604555269961,0.0010811785716117904,7.731035113928554e-06,2.2276827635022248e-05,5.337159279417473e-07,0.0020232806058156786,177.70298607664634,3.6339584642129257,4538.321847956548,5.165175821317983,329.2936814049121,4.0321658262066284,6771.779645613446,7.494721998254982,1804.8027280703186,4.851605981708959,8377.48005884395,5.987085746816298,4077.9167295436077,5.613534532912593,2935.3348841631982,5.3478420479831215,1272.5431914786384,4.170281187003634,977.0958843372459,4.577693992590562,31262.27163748851,,3126.227163748851
0.002559547922699536,0.13122624922632484,0.0016195307658113786,0.0009115604555269961,0.0010811785716117904,7.731035113928554e-06,2.2276827635022248e-05,5.337159279417473e-07,0.0020232806058156786,177.70298607664634,3.6339584642129257,4538.321847956548,5.165175821317983,329.2936814049121,4.0321658262066284,6771.779645613446,7.494721998254982,1804.8027280703186,4.851605981708959,8377.48005884395,5.987085746816298,4077.9167295436077,5.613534532912593,2935.3348841631982,5.3478420479831215,1272.5431914786384,4.170281187003634,977.0958843372459,4.577693992590562,31262.27163748851,,3126.227163748851
0.004094915062380427,0.21756914059495489,0.001536510482274454,0.00030377632625690307,0.0010129914764041318,0.00020764742053662642,0.0012699088165985454,0.00020087404809777669,0.0029951980878939835,4022.633525272373,6.502109071484539,793.3226085650522,4.7156223215754896,320.839352999016,4.5506418492465635,328.0628114363477,4.012047467970742,3227.8147068116577,6.159410980672003,490.1719933128064,4.379568686124215,705.7792789412828,5.076245877811458,790.5708432906023,4.94810738142542,788.8061563297828,5.4397957432519535,5030.2643104437875,6.982268289107437,16498.265587402708,,1649.8265587402707
0.004094915062380427,0.21756914059495489,0.001536510482274454,0.00030377632625690307,0.0010129914764041318,0.0002076474205366264,0.0012699088165985454,0.00020087404809777669,0.0029951980878939835,4022.633525272373,6.502109071484539,793.3226085650522,4.7156223215754896,320.839352999016,4.550641849246564,328.0628114363477,4.012047467970742,3227.8147068116577,6.159410980672003,490.1719933128064,4.379568686124215,705.7792789412828,5.076245877811458,790.5708432906023,4.94810738142542,788.8061563297828,5.4397957432519535,5030.2643104437875,6.982268289107437,16498.265587402708,,1649.8265587402707
0.005,0.26526653252611365,0.001549524565941271,0.0004946975124012255,0.0014704274609978773,0.00026005386735961984,0.0016394430994459168,0.00032678025171104565,0.004191402191915685,4050.491324394251,6.498841489942571,781.2661145525099,4.700141302576217,318.2562389114581,4.5371204162400725,323.0483736239838,3.992464223901533,3209.232543016473,6.144239957994538,482.60999043917434,4.360445463966093,701.6462326073332,5.065767490383532,786.5428768762282,4.940205563864688,776.2194289213706,5.423200542417106,5013.281319608546,6.97173983456165,16442.59444295133,52.634166285847996,1644.2594442951329
0.0065512855685955105,0.3319062506727939,0.0017282978359155648,0.00575651314325544,0.0068795397488331045,5.306272067146156e-05,0.00015744274183174478,8.506679351546422e-09,0.012846566861271102,169.06494163676462,3.573405759537275,4266.1148133646975,5.048549021855863,310.87636933968946,3.9560159502860266,6574.484515009412,7.38138422647984,1559.4393672600336,4.7161323984050885,7486.611385150373,5.7725053199364655,3599.549432540687,5.453778072256041,2705.574442544349,5.210454761857132,1030.9121001353801,4.076350799363117,922.9234054953862,4.493728610725015,28625.550772476767,,2862.555077247677
0.0065512855685955105,0.3319062506727939,0.0017282978359155648,0.00575651314325544,0.0068795397488331045,5.306272067146156e-05,0.00015744274183174478,8.506679351546422e-09,0.012846566861271102,169.06494163676462,3.573405759537275,4266.1148133646975,5.048549021855863,310.87636933968946,3.9560159502860266,6574.484515009412,7.38138422647984,1559.4393672600336,4.7161323984050885,7486.611385150373,5.7725053199364655,3599.549432540687,5.453778072256041,2705.574442544349,5.2104547618571315,1030.91210013538,4.076350799363117,922.9234054953862,4.4937286107250145,28625.550772476767,,2862.555077247677
0.010481131341546858,0.5249256453027158,0.00183700528259218,0.014235775414173204,0.017162699300353558,0.00014499471332675396,0.0004237479575999589,6.1464452060261776e-06,0.0319733638306595,161.62950730873888,3.517199742933108,4012.6647874408927,4.937639332177908,294.37154686980733,3.8851002372923333,6375.594495846358,7.267990920626381,1356.4732190430445,4.591353984757172,6681.657425687446,5.56753733012061,3189.1218651732784,5.303458400592858,2507.726238557977,5.081612065871568,848.5230243899847,3.9915455600143837,874.1170756140276,4.414198696126001,26301.879185931557,,2630.1879185931552
0.010481131341546858,0.5249256453027158,0.00183700528259218,0.014235775414173204,0.017162699300353558,0.00014499471332675396,0.0004237479575999589,6.1464452060261776e-06,0.0319733638306595,161.62950730873888,3.5171997429331077,4012.6647874408927,4.937639332177908,294.37154686980733,3.885100237292333,6375.594495846358,7.267990920626381,1356.4732190430445,4.591353984757172,6681.657425687446,5.56753733012061,3189.1218651732784,5.3034584005928584,2507.726238557977,5.081612065871568,848.5230243899847,3.991545560014384,874.1170756140276,4.414198696126001,26301.879185931557,,2630.1879185931552
0.016768329368110086,0.8247769304827421,0.002016527434083273,0.0345166229193434,0.04241733372948103,0.0004299387205386233,0.001135606873265384,9.896607800598477e-05,0.07859846832063443,151.41024321208357,3.4328638373507987,3631.2726977434004,4.766330366543811,270.5467970449157,3.7782425077706634,6046.607776688052,7.082266910472301,1095.165886874773,4.407234829485153,5533.3639138673425,5.2525310650241135,2639.052333660737,5.0761780363037525,2238.7088914636192,4.887242621824403,637.8563180673698,3.8684017337518575,803.1645406804279,4.291639135878127,23047.149399302718,,2304.7149399302716
0.016768329368110086,0.8247769304827421,0.002016527434083273,0.0345166229193434,0.04241733372948103,0.0004299387205386233,0.001135606873265384,9.896607800598477e-05,0.07859846832063443,151.41024321208357,3.4328638373507987,3631.2726977434004,4.766330366543811,270.5467970449157,3.778242507770664,6046.607776688052,7.082266910472301,1095.165886874773,4.407234829485153,5533.3639138673425,5.2525310650241135,2639.052333660737,5.0761780363037525,2238.7088914636192,4.887242621824403,637.8563180673698,3.8684017337518575,803.1645406804279,4.291639135878127,23047.149399302718,,2304.7149399302716
0.02,1.0403497612378916,0.0017654963341554382,0.013672323944514252,0.021459677260930548,0.0008812613414146838,0.006964640938960511,0.008658308901664495,0.05163621238748449,3913.6502919431764,6.339838046603306,648.5902557306002,4.504958952862681,286.7742845972253,4.372535894574448,267.682992137459,3.775302829106978,2848.0240181401136,5.9074525848220185,402.0895616486248,4.132373535679269,623.4999143664766,4.896359458431582,695.8525994814772,4.791315553024004,665.0361493948695,5.226693538216304,4665.106512693022,6.779752358644682,15016.306580133045,50.72658275196528,1501.6306580133046
0.02682695795279726,1.2828579381216902,0.002327152862319261,0.08120091460249099,0.10412378057552313,0.0014924784530905134,0.0028950346355591174,0.0007748681743359276,0.1904870764409997,137.97078060433074,3.3080880844263967,3070.9877949285924,4.503237705068302,237.1777985025125,3.6191429610316765,5490.897609610684,6.7720964624691025,795.7679810102859,4.1449953129665555,4023.7806752385736,4.782185611449897,1974.692900024677,4.742183760657971,1894.294235051757,4.600308069351314,430.4803732859525,3.693948837608087,702.8610941263498,4.103252987048323,18758.91124238372,,1875.8911242383717
0.02682695795279726,1.2828579381216902,0.002327152862319261,0.08120091460249099,0.10412378057552313,0.0014924784530905134,0.0028950346355591174,0.0007748681743359276,0.1904870764409997,137.97078060433074,3.3080880844263967,3070.9877949285924,4.503237705068302,237.1777985025125,3.619142961031677,5490.897609610684,6.772096462469103,795.7679810102859,4.144995312966556,4023.7806752385736,4.782185611449897,1974.692900024677,4.742183760657971,1894.294235051757,4.600308069351314,430.4803732859525,3.693948837608087,702.8610941263498,4.103252987048323,18758.911242383718,,1875.8911242383717
0.04291934260128778,1.9640351602503687,0.002929547829373023,0.1828961953399922,0.2579896179520466,0.006666018830540917,0.006427151465258003,0.003919527712343546,0.4578985113001813,120.34299876053001,3.121864361903808,2278.4049570437737,4.097387211247161,191.62123362353424,3.379782229605852,4526.784290082461,6.232426439238182,503.8474690720851,3.7819458884404864,2320.07505142839,4.116035315777271,1280.5073329616978,4.2647641914179415,1454.3522264892292,4.177846573039639,261.9871641936039,3.4447712326738564,563.8302867642694,3.8098420045564936,13501.753010419576,,1350.1753010419575
0.04291934260128778,1.9640351602503687,0.002929547829373023,0.1828961953399922,0.2579896179520466,0.006666018830540917,0.006427151465258003,0.003919527712343546,0.4578985113001813,120.34299876053,3.1218643619038082,2278.4049570437737,4.097387211247161,191.62123362353424,3.3797822296058517,4526.784290082461,6.232426439238182,503.8474690720851,3.7819458884404864,2320.07505142839,4.116035315777271,1280.5073329616978,4.2647641914179415,1454.3522264892292,4.177846573039639,261.9871641936039,3.4447712326738564,563.8302867642694,3.8098420045564936,13501.753010419576,,1350.1753010419575
0.05,2.455869381728176,0.0784835039798822,0.5685324893898505,2.2158557636474656,0.5454882279522846,0.04974699199791102,0.18293287146249945,3.5625563444500115,18.539783312229734,1.4809172675488569,11.093572491256616,1.2566461891145313,25.957253167060863,1.5056205786062509,8.933478641696324,1.0894125463365665,15.956293539046705,1.4172724180491052,7.840893664389751,1.053671312238209,14.566398098271847,1.4742092861041252,10.868049835493212,1.3169061731317626,22.18338452411037,1.5199112691719874,15.221658289491293,1.3772571304616006,151.16076556304674,13.491824170762994,15.116076556304671
0.06866488450043001,2.670121530366625,0.14607631933624374,0.6343427011450379,2.5196362047221346,0.6322765993972591,0.05094758468724814,0.14190503426912682,3.979108124220806,8.854846044833229,1.0799011201637378,6.141412820446835,0.9371495518329456,12.122271283490395,1.0985671672248674,5.095064043332903,0.8058733622621905,7.794087984559318,1.042699969227246,4.72641249132954,0.780116958008347,7.969293493072739,1.0881003821860418,6.218812227302407,0.9770538035985604,10.181598001288476,1.0975514835742128,7.109909713021718,1.004420137627264,76.21370810267756,,7.6213708102677575
0.06866488450043001,2.670121530366625,0.14607631933624374,0.6343427011450379,2.5196362047221346,0.6322765993972591,0.05094758468724814,0.14190503426912682,3.979108124220806,8.854846044833229,1.0799011201637378,6.141412820446835,0.9371495518329456,12.122271283490395,1.0985671672248674,5.095064043332903,0.8058733622621905,7.794087984559318,1.042699969227246,4.72641249132954,0.780116958008347,7.969293493072739,1.0881003821860418,6.218812227302407,0.9770538035985604,10.181598001288476,1.0975514835742128,7.109909713021718,1.0044201376272641,76.21370810267756,,7.6213708102677575
0.1,2.9268409011026675,0.2609830250267334,0.7384007284085182,2.877294869549869,0.7080359631603821,0.043711900864601264,0.12406948339271212,4.4915129453760825,4.470325062264927,0.7354191218977221,3.5796585831400973,0.6491117262212603,5.45946954258704,0.7467896687272113,3.1016696191451363,0.560542575342828,4.176575355425458,0.7196641115048932,2.9834645541613014,0.5429203908666007,4.365376057966005,0.7443177862003149,3.6576577227060434,0.6753503069367561,4.7824242407828175,0.7441470491156962,3.9026214544759683,0.6925815153464462,40.479242192654795,6.81084425215973,4.04792421926548
0.10985411419875583,2.9906792508973914,0.2959165538645935,0.7684919789426413,2.969304384398011,0.72433921979556,0.04080299532045645,0.12413376734354152,4.62707234580021,3.871121941424852,0.6644576211288276,3.1822112904486985,0.5877682837397659,4.579528189210412,0.67421856435315,2.789816098179335,0.5083485576295161,3.658763743610972,0.6521849377171385,2.6989312565880685,0.4924088406446295,3.81944543629906,0.6726163762962658,3.2588464298476203,0.6120901961203705,4.085695714090073,0.6721112006641824,3.4456554596543585,0.6278164903039992,35.39001555935345,,3.539001555935345
0.10985411419875583,2.9906792508973914,0.2959165538645935,0.7684919789426413,2.969304384398011,0.72433921979556,0.04080299532045645,0.12413376734354152,4.62707234580021,3.871121941424852,0.6644576211288276,3.1822112904486985,0.5877682837397659,4.579528189210412,0.67421856435315,2.789816098179335,0.5083485576295161,3.6587637436109715,0.6521849377171385,2.6989312565880685,0.4924088406446295,3.81944543629906,0.6726163762962658,3.2588464298476203,0.6120901961203705,4.085695714090073,0.6721112006641824,3.4456554596543585,0.6278164903039992,35.39001555935345,,3.539001555935345
0.1757510624854793,3.3001844040611754,0.4902951440825226,0.9428024430210276,3.4339125203948355,0.7865896114742367,0.023707488909652345,0.14514793893302405,5.3321600027327785,2.1957497219906323,0.3877007384243661,1.9692822232119056,0.3417859242027876,2.3182661579848185,0.39176361380668895,1.821422628612844,0.29796367388333833,2.1533683934501697,0.3846251325979905,1.7921184626410107,0.28886671715781104,2.207553257230836,0.3910353836074483,2.0328204348777543,0.361114204327711,2.2331558514217216,0.3919168515574649,2.0918494622517696,0.3711968267615864,20.815586593673466,,2.0815586593673463
0.1757510624854793,3.3001844040611754,0.4902951440825226,0.9428024430210276,3.4339125203948355,0.7865896114742367,0.023707488909652345,0.14514793893302405,5.3321600027327785,2.1957497219906323,0.3877007384243661,1.9692822232119056,0.3417859242027876,2.3182661579848185,0.39176361380668895,1.821422628612844,0.29796367388333833,2.1533683934501697,0.3846251325979905,1.7921184626410107,0.28886671715781104,2.207553257230836,0.3910353836074483,2.0328204348777543,0.361114204327711,2.2331558514217216,0.3919168515574649,2.0918494622517696,0.3711968267615864,20.815586593673466,,2.0815586593673463
0.2811768697974231,3.5821105936026205,0.6736852268224575,1.1536057637270212,3.875609259276836,0.8092952262792691,0.009125133227392841,0.1920299442966725,6.039665326807191,1.544738465831182,0.21621293028375507,1.4459116568471533,0.18576330126609875,1.5675673089602336,0.21751884912891087,1.3867765765695288,0.16285423132701166,1.5352288226519049,0.2149942128019402,1.375217348952979,0.15826033550595744,1.5490918028821512,0.21605666440898064,1.4917944052758223,0.2020340500280908,1.5542905962957203,0.21790312784714644,1.5144934159162655,0.20813265340925508,14.965110400182938,,1.496511040018294
0.2811768697974231,3.5821105936026205,0.6736852268224575,1.1536057637270212,3.8756092592768363,0.8092952262792691,0.009125133227392841,0.1920299442966725,6.039665326807191,1.544738465831182,0.21621293028375507,1.4459116568471533,0.18576330126609875,1.5675673089602336,0.21751884912891087,1.3867765765695288,0.16285423132701166,1.5352288226519049,0.2149942128019402,1.375217348952979,0.15826033550595744,1.5490918028821512,0.21605666440898064,1.4917944052758223,0.2020340500280908,1.5542905962957203,0.21790312784714644,1.5144934159162655,0.20813265340925508,14.965110400182938,,1.496511040018294
0.4498432668969444,3.826394464717584,0.8091634227809494,1.3930386616278263,4.2605636700986995,0.7904563788015823,0.0014654402461056315,0.2551397947424076,6.700663945516622,1.2606376100166974,0.11599521480523738,1.2092255266303074,0.09575976984594473,1.265468163158096,0.11604041438110788,1.1829928064296331,0.0838441160635752,1.257032386719804,0.1147744278390258,1.17840858781587,0.08182777957879935,1.2595630837860057,0.11450962119160188,1.2392335343429344,0.10805453384230727,1.2628763421177842,0.11603432326199975,1.2487814697601098,0.1114450208900447,12.36421951077724,,1.2364219510777241
0.4498432668969444,3.826394464717584,0.8091634227809494,1.3930386616278263,4.2605636700987,0.7904563788015823,0.0014654402461056315,0.2551397947424076,6.700663945516622,1.2606376100166974,0.11599521480523738,1.2092255266303074,0.09575976984594473,1.265468163158096,0.11604041438110788,1.1829928064296331,0.0838441160635752,1.2570323867198039,0.1147744278390258,1.17840858781587,0.08182777957879935,1.2595630837860057,0.11450962119160188,1.2392335343429344,0.10805453384230727,1.2628763421177842,0.11603432326199975,1.2487814697601098,0.1114450208900447,12.36421951077724,,1.2364219510777241
0.5,3.875653728109983,0.8323523031026976,1.4496490308075538,4.337262090853414,0.7812197865635188,0.0006921115626181468,0.27067778664260445,6.839500806429707,1.2214981511401113,0.10031710008177447,1.1766720149130652,0.08201325250349635,1.2248444731817554,0.10020586478039087,1.1544511695679072,0.07168319157188577,1.2183012140283729,0.09907633856899167,1.150776861656625,0.0700449164034211,1.2198768362968304,0.09874848640687638,1.2035943736300678,0.0933266779526573,1.2228899847030856,0.10012810755540537,1.2114976541511668,0.0962626919466516,12.004402733268988,0.9118066277715507,1.2004402733268988
0.7196856730011522,4.02905096594708,0.8945200744225577,1.6484831717631323,4.571375251453642,0.7389284703036094,0.00013076448096921472,0.325807173215198,7.2847248312165505,1.1266267809619013,0.05994280437033885,1.0986587783114978,0.047434702313614616,1.1272716672309488,0.05953422157448319,1.085537817649644,0.041004055467673314,1.1241957790562025,0.05873933615223381,1.0839374094466827,0.04026679755994138,1.124296170119783,0.05843587691948,1.1164866658646952,0.0554515817063696,1.126275607327198,0.05931044867142603,1.1206233306163236,0.05718215611621254,11.13391000658488,,1.1133910006584877
0.7196856730011522,4.02905096594708,0.8945200744225577,1.6484831717631323,4.571375251453642,0.7389284703036094,0.00013076448096921472,0.325807173215198,7.2847248312165505,1.1266267809619013,0.05994280437033885,1.0986587783114978,0.047434702313614616,1.1272716672309488,0.05953422157448319,1.085537817649644,0.041004055467673314,1.1241957790562025,0.05873933615223381,1.0839374094466827,0.04026679755994138,1.124296170119783,0.058435876919480004,1.1164866658646952,0.0554515817063696,1.126275607327198,0.05931044867142603,1.1206233306163236,0.05718215611621254,11.13391000658488,,1.1133910006584877
1.0,4.146271132432771,0.9316306335921638,1.8276966057048831,4.743034057750871,0.6915357878137015,0.001633352418327162,0.3754579608616069,7.63935776454939,1.0760828803624845,0.03690283331751354,1.058139561769546,0.02847773936370765,1.075864031033475,0.036445101909878735,1.0496085543297775,0.02420377771173957,1.0741193317718811,0.03586891535836973,1.0489647288002215,0.02390260587712387,1.073978689557014,0.03568827705074192,1.069803957154019,0.033937322088190024,1.0751750674313458,0.036200133668893714,1.0720961356213896,0.034965529732575,10.673832937831154,0.3265922360787338,1.0673832937831154
1.151395399326448,4.190573160847091,0.9433647661612296,1.9026947752798444,4.805615721546231,0.6700275209436485,0.002633873517950247,0.39606832872550735,7.7770402200131805,1.0609896734403037,0.029797331240242825,1.0462814364214157,0.02279132310821019,1.0606169841651485,0.029355919777721774,1.0391379242937675,0.019195479391272943,1.0592228904115981,0.02885946050244764,1.0387419060756518,0.01900983540195316,1.0590850739624476,0.028727665546923787,1.055862807347722,0.027332637397161123,1.06001801809376,0.029121731362038567,1.0576350043521774,0.028145113648429428,10.537591718563991,,1.0537591718563992
1.151395399326448,4.190573160847091,0.9433647661612296,1.9026947752798444,4.805615721546231,0.6700275209436485,0.002633873517950247,0.39606832872550735,7.7770402200131805,1.0609896734403037,0.029797331240242825,1.0462814364214157,0.02279132310821019,1.0606169841651485,0.029355919777721774,1.0391379242937675,0.019195479391272943,1.059222890411598,0.02885946050244764,1.0387419060756518,0.01900983540195316,1.0590850739624476,0.028727665546923787,1.055862807347722,0.027332637397161123,1.06001801809376,0.029121731362038567,1.0576350043521774,0.028145113648429428,10.537591718563991,,1.0537591718563992
1.8420699693267164,4.3144872574202005,0.9698701030542348,2.1371369654054435,4.971921968078701,0.5992048616946912,0.006637985485043287,0.4595019489630325,8.174403729626912,1.0286904478573968,0.014229672545302625,1.0214323616864556,0.010666898191450594,1.0282325378677022,0.013911627088079326,1.0174791027473802,0.008666727523754433,1.0275533478127008,0.013626894953628694,1.0175114776411374,0.008684015470552761,1.0275139041119878,0.013603101685963728,1.02611328186734,0.0129492379476131,1.0278703171232673,0.013747159104118185,1.0268437838815634,0.013300519285583956,10.249240562596931,,1.024924056259693
1.8420699693267164,4.3144872574202005,0.9698701030542348,2.1371369654054435,4.971921968078701,0.5992048616946912,0.006637985485043287,0.4595019489630325,8.174403729626912,1.0286904478573968,0.014229672545302625,1.0214323616864556,0.010666898191450594,1.0282325378677022,0.013911627088079326,1.0174791027473802,0.008666727523754433,1.0275533478127008,0.013626894953628694,1.0175114776411374,0.008684015470552761,1.0275139041119878,0.013603101685963728,1.02611328186734,0.0129492379476131,1.0278703171232673,0.013747159104118185,1.0268437838815634,0.013300519285583956,10.249240562596931,,1.024924056259693
2.9470517025518097,4.4062000459552095,0.9838920507243588,2.3372812662803875,5.0844078464425655,0.537208331291631,0.01065394952385028,0.5121539360918348,8.48170532963027,1.013100440735994,0.006539919666639446,1.0097526814743754,0.004873128310340861,1.01278930346024,0.006355027184299572,1.0076368498550703,0.0038048620962938475,1.0124579910559053,0.00620418363581342,1.0077904357825258,0.0038805829289954726,1.0124809609224863,0.006218597273183461,1.0118563794418527,0.005915132068803066,1.012590704424504,0.0062600494908313506,1.0121399427149704,0.006054544354730596,10.112595689867923,,1.0112595689867923
2.9470517025518097,4.4062000459552095,0.9838920507243588,2.3372812662803875,5.0844078464425655,0.537208331291631,0.01065394952385028,0.5121539360918348,8.48170532963027,1.013100440735994,0.006539919666639446,1.0097526814743754,0.004873128310340861,1.01278930346024,0.006355027184299572,1.0076368498550703,0.0038048620962938475,1.0124579910559053,0.00620418363581342,1.0077904357825258,0.0038805829289954726,1.0124809609224863,0.006218597273183461,1.0118563794418527,0.005915132068803066,1.012590704424504,0.0062600494908313506,1.0121399427149704,0.006054544354730596,10.112595689867923,,1.0112595689867923
4.714866363457395,4.472093878591187,0.9912491060036211,2.4962378491665445,5.157553774949628,0.4887117176882603,0.01399695186603425,0.5527781522968414,8.709278445967309,1.0058308364972273,0.002918108170360109,1.004381497421539,0.00219090412899688,1.0056635691117688,0.0028256176002004205,1.003295346457699,0.001644759365741158,1.0055023447361862,0.0027488422926423128,1.0034644001783648,0.0017279738118233176,1.0055390019757493,0.002769069821285616,1.005258005172504,0.002629923231650119,1.0055635976954718,0.002776672439376957,1.0053584966416451,0.002679680310775368,10.049857095888155,,1.0049857095888155
4.714866363457395,4.472093878591187,0.9912491060036211,2.4962378491665445,5.157553774949628,0.4887117176882603,0.01399695186603425,0.5527781522968414,8.709278445967309,1.0058308364972273,0.002918108170360109,1.004381497421539,0.00219090412899688,1.0056635691117688,0.0028256176002004205,1.003295346457699,0.001644759365741158,1.0055023447361862,0.0027488422926423128,1.0034644001783648,0.0017279738118233176,1.0055390019757493,0.002769069821285616,1.005258005172504,0.002629923231650119,1.0055635976954718,0.002776672439376957,1.0053584966416451,0.002679680310775368,10.049857095888155,,1.0049857095888155
5.0,4.4788426255593565,0.9918786839610516,2.513192451164449,5.1645526582575325,0.483639718379748,0.014355610517332218,0.5570379940420679,8.73277843236113,1.0052640277986054,0.0026348862467306467,1.003964416101732,0.0019822584396563376,1.0051110288573266,0.0025508144378662287,1.002966915173446,0.0014809726269280465,1.0049634652498574,0.002480252551016393,1.0031350556872944,0.0015637372032088707,1.0050000541118949,0.002500280738216873,1.0047455912121737,0.002374085745017902,1.0050196927024844,0.002506003820181845,1.0048330347086052,0.0024173858225697764,10.04500328160342,0.022490677631392918,1.0045003281603422
7.543120063354622,4.518735900706772,0.9951290095058084,2.6152011167979534,5.203167808577512,0.4538221467182026,0.016504320576830843,0.5822929357652796,8.870988328435777,1.0025734929234849,0.0012891883193225488,1.0019869684564844,0.0009925749536251775,1.0024964018909044,0.001248255140785419,1.0014359670749546,0.0007168299008333199,1.0024148973949685,0.0012083480163447525,1.0015917635318226,0.0007935290423980464,1.002446862423952,0.0012251985387332824,1.0023185756927524,0.0011611098429897412,1.0024488632073578,0.001224646561495034,1.0023483337971544,0.0011757681704556127,10.022062126393836,,1.0022062126393836
7.543120063354622,4.518735900706772,0.9951290095058084,2.6152011167979534,5.203167808577512,0.4538221467182026,0.016504320576830843,0.5822929357652796,8.870988328435777,1.0025734929234849,0.0012891883193225488,1.0019869684564844,0.0009925749536251775,1.0024964018909044,0.001248255140785419,1.0014359670749546,0.0007168299008333199,1.0024148973949685,0.0012083480163447525,1.0015917635318226,0.0007935290423980464,1.002446862423952,0.0012251985387332824,1.0023185756927524,0.0011611098429897412,1.0024488632073578,0.001224646561495034,1.0023483337971544,0.0011757681704556127,10.022062126393836,,1.0022062126393836
10.0,4.54005987392051,0.996525504768696,2.6700076067653846,5.220940927610131,0.4385667399300174,0.017640568174525372,0.5955083048012754,8.942664147281333,1.0015912031347636,0.000797485406640547,1.0012656770942865,0.0006314902675722152,1.0015458584763424,0.0007738191162355358,1.0008919323844512,0.00044503283232432,1.0014891618011736,0.0007457114639041508,1.0010375508787486,0.0005167291518059442,1.0015166667482047,0.0007600161454433943,1.0014349088827943,0.0007190401055058903,1.0015159417248156,0.0007588535612076914,1.0014463823716997,0.000724599414551327,10.01373528349728,0.006872777465191016,1.001373528349728
12.067926406393287,4.5522564699275785,0.9972097325725092,2.7007718532814016,5.229625778712342,0.4304108167480954,0.018266425879883055,0.6027578539892879,8.98183272861101,1.0011678081843065,0.0005855205899231952,1.0009548562871755,0.0004759066741111897,1.0011369422989491,0.0005695729999288465,1.0006609838111338,0.0003296151759227614,1.0010911229772157,0.0005466981670730662,1.0008002174402912,0.0003981715631022949,1.0011158684046713,0.000559496878014635,1.001054386405915,0.0005286259075148907,1.0011150811551544,0.0005585830463824503,1.0010588695544678,0.0005307102615258843,10.01015613651928,,1.0010156136519281
12.067926406393287,4.5522564699275785,0.9972097325725092,2.7007718532814016,5.229625778712342,0.4304108167480954,0.018266425879883055,0.6027578539892879,8.98183272861101,1.0011678081843065,0.0005855205899231952,1.0009548562871755,0.00047590667411118973,1.0011369422989491,0.0005695729999288465,1.0006609838111338,0.0003296151759227614,1.0010911229772157,0.0005466981670730662,1.0008002174402912,0.0003981715631022949,1.0011158684046713,0.000559496878014635,1.001054386405915,0.0005286259075148907,1.0011150811551544,0.0005585830463824503,1.0010588695544678,0.0005307102615258843,10.01015613651928,,1.0010156136519281
19.306977288832496,4.578072201226433,0.998354246796851,2.761694982417683,5.242150444832006,0.4159151466359523,0.01945386812973627,0.6164695759590938,9.055684017974473,1.0005796695138784,0.0002910998197265773,1.0005233228452366,0.00025995549992780263,1.0005696710633305,0.0002860765532894375,1.000345377079277,0.0001718562117791149,1.0005392840816945,0.0002707038529494021,1.0004713216566596,0.00023387375037341401,1.0005586355790859,0.000280650549107531,1.0005258221108708,0.00026409954110387135,1.000559850439434,0.00028106547829694187,1.0005224089825941,0.0002622771424559337,10.00519536335206,,1.000519536335206
19.306977288832496,4.578072201226433,0.998354246796851,2.761694982417683,5.242150444832006,0.4159151466359523,0.01945386812973627,0.6164695759590938,9.055684017974473,1.0005796695138784,0.0002910998197265773,1.0005233228452366,0.00025995549992780263,1.0005696710633305,0.0002860765532894375,1.000345377079277,0.0001718562117791149,1.0005392840816945,0.0002707038529494021,1.0004713216566596,0.00023387375037341401,1.000558635579086,0.000280650549107531,1.0005258221108708,0.00026409954110387135,1.000559850439434,0.00028106547829694187,1.000522408982594,0.0002622771424559337,10.00519536335206,,1.000519536335206
30.888435964774853,4.601015625181443,0.999001899201037,2.8066619833756548,5.243293341073491,0.40827361106675997,0.020232630521382026,0.6254388985653841,9.103900464602672,1.000339207043123,0.00017075296361460657,1.0003472216214142,0.0001718724245326965,1.0003377493451242,0.00017010873969438415,1.0002192565869503,0.0001088032815478774,1.000313911615438,0.00015795970522521552,1.0003357963106103,0.00016619057672355358,1.0003298832638694,0.00016616288377255758,1.0003092191908372,0.0001556915295032223,1.0003335045145048,0.00016788848324749575,1.0003040833013264,0.00015303935094502822,10.003169832793198,,1.0003169832793197
30.888435964774853,4.601015625181443,0.999001899201037,2.8066619833756548,5.243293341073491,0.40827361106676,0.020232630521382026,0.6254388985653841,9.103900464602672,1.000339207043123,0.00017075296361460657,1.0003472216214142,0.0001718724245326965,1.0003377493451242,0.00017010873969438415,1.0002192565869503,0.0001088032815478774,1.000313911615438,0.00015795970522521552,1.0003357963106103,0.00016619057672355358,1.0003298832638694,0.00016616288377255758,1.0003092191908372,0.0001556915295032223,1.0003335045145048,0.00016788848324749575,1.0003040833013264,0.00015303935094502822,10.003169832793198,,1.0003169832793197
49.417133613238384,4.6258028982453885,0.9993786424640062,2.8435682073449087,5.233234260718558,0.4062809331878191,0.020734571324455327,0.6312133841939057,9.135031356769646,1.000242313332172,0.0001222676719745292,1.0002764688400791,0.00013650298307015812,1.0002440231891871,0.00012322035080788006,1.0001695465094564,8.394964531006314e-05,1.0002229713193165,0.00011245710192591321,1.0002796916416474,0.00013818795114645452,1.0002369290285074,0.00011963208148198291,1.0002214154567446,0.0001117407982075586,1.0002423924249664,0.00012231787190852936,1.0002164913329872,0.00010921660046248362,10.002352243075064,,1.0002352243075063
49.417133613238384,4.6258028982453885,0.9993786424640062,2.8435682073449087,5.233234260718558,0.4062809331878191,0.020734571324455327,0.6312133841939057,9.135031356769646,1.000242313332172,0.0001222676719745292,1.0002764688400791,0.00013650298307015812,1.0002440231891871,0.00012322035080788006,1.0001695465094564,8.394964531006314e-05,1.0002229713193165,0.00011245710192591321,1.0002796916416474,0.00013818795114645452,1.0002369290285074,0.00011963208148198291,1.0002214154567446,0.0001117407982075586,1.0002423924249664,0.00012231787190852936,1.0002164913329872,0.00010921660046248362,10.002352243075064,,1.0002352243075063
50.0,4.626488571313223,0.9993857427350722,2.84444956986718,5.232826476176762,0.4062993993937885,0.02074444679925185,0.6313269445209492,9.135646836757932,1.0002408507412324,0.00012153579579229309,1.0002754019392268,0.00013596986900803182,1.0002426037762595,0.00012251000377937042,1.0001688058963198,8.357936950296512e-05,1.0002215959169862,0.00011176878414270947,1.0002788209995428,0.00013775364397825522,1.0002355155693807,0.00011892438504672473,1.000220082787292,0.00011107359849950205,1.000241016692667,0.00012162963341194105,1.0002151727504536,0.00010855688934625141,10.00233986706936,0.0011733019725080444,1.0002339867069359
79.06043210907701,4.657764519643384,0.9996028100422174,2.8797545040048664,5.209786144637907,0.40972413917438144,0.0210546539083926,0.634892980043174,9.155212421768722,1.0002033475259249,0.00010276668138424492,1.0002479807244289,0.0001222751645376643,1.0002060698614443,0.00010421895152925335,1.0001499772050004,7.416720191791012e-05,1.0001862509786008,9.407599725784486e-05,1.0002557361873077,0.0001262459621992994,1.0001990022775276,0.00010063706723808308,1.0001857174462252,9.386372037472941e-05,1.0002057011197971,0.00010395719445142326,1.0001814404328289,9.167766673162706e-05,10.002021223759087,,1.0002021223759088
79.06043210907701,4.657764519643384,0.9996028100422174,2.8797545040048664,5.209786144637907,0.40972413917438144,0.0210546539083926,0.634892980043174,9.155212421768722,1.0002033475259249,0.00010276668138424492,1.0002479807244289,0.0001222751645376643,1.0002060698614443,0.00010421895152925335,1.0001499772050004,7.416720191791012e-05,1.0001862509786008,9.407599725784486e-05,1.0002557361873077,0.0001262459621992994,1.0001990022775276,0.00010063706723808308,1.0001857174462252,9.38637203747294e-05,1.0002057011197971,0.00010395719445142326,1.0001814404328289,9.167766673162706e-05,10.002021223759087,,1.0002021223759088
100.0,4.678507472439904,0.9996790732937859,2.8999418006185413,5.191613669338973,0.4137210517691128,0.0211676661320556,0.6361913910882953,9.16263557894698,1.0001935929477026,9.788185194091291e-05,1.000240733201363,0.0001186614100749676,1.0001964781284345,9.941122071044356e-05,1.0001451259527356,7.174386658915484e-05,1.0001770130133667,8.944809487053908e-05,1.0002491790399215,0.00012298317061905175,1.0001893456792557,9.579608939081688e-05,1.0001766645016672,8.932608996105772e-05,1.0001964781091752,9.933776986739508e-05,1.0001727097036597,8.730637577873893e-05,10.001937320277275,0.0009718959398030783,1.000193732027728
126.48552168552958,4.703838797907865,0.9997387362468736,2.922946500860572,5.16796392117263,0.4195273629951574,0.02125757485383276,0.6372238359710807,9.168919195853274,1.0001871649054197,9.465991147571178e-05,1.000235809142458,0.00011621097175468215,1.0001901042314134,9.621228982657258e-05,1.0001419041198003,7.013637881687784e-05,1.0001709055359118,8.63855212214963e-05,1.0002444586286692,0.00012063868981806911,1.0001829000504678,9.256119892234059e-05,1.0001706403881778,8.630341613045056e-05,1.0001903676394748,9.627392815842321e-05,1.0001669776919948,8.4433959758197e-05,10.001881232333787,,1.0001881232333787
126.48552168552958,4.703838797907865,0.9997387362468736,2.9229465008605717,5.16796392117263,0.4195273629951574,0.02125757485383276,0.6372238359710807,9.168919195853274,1.0001871649054197,9.465991147571178e-05,1.000235809142458,0.00011621097175468215,1.0001901042314134,9.621228982657258e-05,1.0001419041198003,7.013637881687784e-05,1.0001709055359118,8.63855212214963e-05,1.0002444586286692,0.00012063868981806911,1.0001829000504678,9.25611989223406e-05,1.0001706403881778,8.630341613045056e-05,1.0001903676394748,9.627392815842321e-05,1.0001669776919948,8.4433959758197e-05,10.001881232333787,,1.0001881232333787
202.3589647725156,4.773906389543356,0.9998225857009526,2.9826442344157136,5.09912292817746,0.4380936065268362,0.02138604935263956,0.6386973057474954,9.179944124220144,1.0001794576946497,9.078687253294376e-05,1.0002293076312254,0.00011299043098947092,1.0001823505625782,9.230915810538063e-05,1.0001378190662915,6.810519937773994e-05,1.0001635675136042,8.2696888870836e-05,1.000237697600362,0.00011729309860175105,1.000175039165828,8.860529730535462e-05,1.0001633267662529,8.262418485928214e-05,1.0001829399459563,9.253919861450496e-05,1.000160141503375,8.099960839444646e-05,10.001811647450122,,1.0001811647450123
202.3589647725156,4.773906389543356,0.9998225857009526,2.9826442344157136,5.09912292817746,0.4380936065268362,0.02138604935263956,0.6386973057474954,9.179944124220144,1.0001794576946497,9.078687253294376e-05,1.0002293076312254,0.00011299043098947092,1.0001823505625782,9.230915810538063e-05,1.0001378190662915,6.810519937773994e-05,1.0001635675136042,8.2696888870836e-05,1.000237697600362,0.00011729309860175105,1.000175039165828,8.860529730535462e-05,1.0001633267662529,8.262418485928214e-05,1.0001829399459563,9.253919861450496e-05,1.000160141503375,8.099960839444646e-05,10.001811647450122,,1.0001811647450123
323.7457542817647,4.882576393553172,0.999875422562277,3.072057281611712,4.989691694680007,0.4700114259827976,0.021467796302315056,0.6396315385816185,9.192859737158447,1.000174266770694,8.816350048960393e-05,1.000223902058151,0.00011033234511250208,1.0001770391438067,8.962003136245617e-05,1.000134575868378,6.65031276202415e-05,1.0001586646323728,8.021966488206473e-05,1.0002317538082108,0.00011436695530726622,1.0001697109199799,8.590930235371816e-05,1.0001583873430488,8.012631200756415e-05,1.0001777954076514,8.993781976652803e-05,1.0001555543177347,7.868205895463507e-05,10.001761650270026,,1.000176165027003
323.7457542817647,4.882576393553172,0.999875422562277,3.0720572816117118,4.989691694680007,0.4700114259827976,0.021467796302315056,0.6396315385816185,9.192859737158447,1.000174266770694,8.816350048960393e-05,1.000223902058151,0.00011033234511250208,1.0001770391438067,8.962003136245617e-05,1.000134575868378,6.65031276202415e-05,1.0001586646323728,8.021966488206473e-05,1.0002317538082108,0.00011436695530726622,1.00016971091998,8.590930235371816e-05,1.0001583873430488,8.012631200756415e-05,1.0001777954076514,8.993781976652803e-05,1.0001555543177347,7.868205895463507e-05,10.001761650270026,,1.000176165027003
500.0,5.0360676824035515,0.9999077705794306,3.198114334936295,4.835167308710008,0.5183814054305524,0.02151744519827304,0.6401944719274218,9.21337496620255,1.000169298765217,8.564178882145641e-05,1.0002178516669564,0.00010736821973374549,1.000171942391688,8.70293617325813e-05,1.0001309877415572,6.473741285826511e-05,1.0001540470174728,7.787742215087658e-05,1.000225184667147,0.00011114157991769256,1.0001647009910903,8.33640207133417e-05,1.0001537356417338,7.776475913480139e-05,1.0001727709399515,8.738695746413628e-05,1.0001511520590127,7.644816254438932e-05,10.001711671881829,0.0008587596850712861,1.0001711671881828
517.9474679231214,5.051459413014988,0.9999099190643608,3.210830364409708,4.819753576081185,0.5233989847914695,0.02152070115823546,0.6402311170775083,9.215734743518107,1.0001688448004604,8.541109865909263e-05,1.0002172745134814,0.00010708566420286092,1.0001714775330932,8.679285280099335e-05,1.0001306452190184,6.456899197174969e-05,1.0001536279801555,7.766465255696562e-05,1.0002245660905649,0.0001108380407012358,1.0001642480335546,8.313365014861484e-05,1.0001533144195442,7.755069939151889e-05,1.0001723094130508,8.715241598168155e-05,1.0001507489385228,7.624336887508556e-05,10.001707056941447,,1.0001707056941447
517.9474679231214,5.051459413014988,0.9999099190643608,3.210830364409708,4.819753576081185,0.5233989847914695,0.02152070115823546,0.6402311170775083,9.215734743518107,1.0001688448004604,8.541109865909263e-05,1.0002172745134814,0.00010708566420286092,1.0001714775330932,8.679285280099335e-05,1.0001306452190184,6.456899197174969e-05,1.0001536279801555,7.766465255696562e-05,1.0002245660905649,0.0001108380407012358,1.0001642480335546,8.313365014861484e-05,1.0001533144195442,7.755069939151889e-05,1.0001723094130508,8.715241598168155e-05,1.0001507489385228,7.624336887508556e-05,10.001707056941447,,1.0001707056941447
828.6427728546843,5.311647423864018,0.9999339717754409,3.4288745100712195,4.562322674259599,0.6123269246959626,0.021556372598641068,0.6406279310997322,9.265708412725154,1.0001615767844632,8.171602456170842e-05,1.0002078161590608,0.0001024557544481834,1.0001640549939144,8.301527712781832e-05,1.000125017732982,6.180258611226024e-05,1.0001469541257892,7.427458133117833e-05,1.0002145578554589,0.00010592774274761964,1.0001570632385013,7.947794538228191e-05,1.0001466227333118,7.414873364434919e-05,1.0001649020104288,8.3386720774066e-05,1.000144282202386,7.295661068598698e-05,10.001632847836296,,1.0001632847836297
828.6427728546843,5.311647423864018,0.9999339717754409,3.4288745100712195,4.562322674259599,0.6123269246959626,0.021556372598641068,0.6406279310997322,9.265708412725154,1.0001615767844632,8.171602456170842e-05,1.0002078161590608,0.0001024557544481834,1.0001640549939144,8.301527712781832e-05,1.0001250177329821,6.180258611226024e-05,1.0001469541257892,7.427458133117833e-05,1.0002145578554589,0.00010592774274761964,1.0001570632385013,7.947794538228191e-05,1.0001466227333118,7.414873364434919e-05,1.0001649020104288,8.3386720774066e-05,1.000144282202386,7.295661068598698e-05,10.001632847836296,,1.0001632847836297
1000.0,5.450370172029469,0.999941867931384,3.547769117189928,4.4277094313038425,0.6627838261165718,0.021567632220693272,0.6407502968655628,9.300580303696595,1.0001578633317048,7.982786914317867e-05,1.0002029127520071,0.00010005512179252725,1.0001602727186698,8.109036539864102e-05,1.0001220919973814,6.036427777004393e-05,1.0001435586557137,7.254965121426653e-05,1.0002094287354573,0.00010341107041442656,1.000153421705386,7.7624905086488e-05,1.0001432264117749,7.242195413726979e-05,1.0001611121090987,8.145995587875863e-05,1.0001409724088814,7.127417856299063e-05,10.001594860826074,0.000800079349398591,1.0001594860826075
1325.711365590111,5.7053208737822665,0.9999526304939426,3.771368183592186,4.185359157941404,0.7608920436720574,0.021582502093852027,0.6409082347454204,9.38011012204492,1.00015119585713,7.643826718416958e-05,1.0001940783175434,9.572853337393916e-05,1.000153490866121,7.763966285215124e-05,1.0001168119281685,5.7767982688579345e-05,1.0001374729879438,6.945859320149034e-05,1.0002002377283734,9.89002688007258e-05,1.0001469068077349,7.431030887135483e-05,1.000137146358621,6.93312509861587e-05,1.0001543055205993,7.800018169036258e-05,1.000135025012273,6.825149079600011e-05,10.001526671384507,,1.0001526671384509
1325.711365590111,5.7053208737822665,0.9999526304939426,3.771368183592186,4.185359157941404,0.7608920436720574,0.021582502093852027,0.6409082347454204,9.38011012204492,1.00015119585713,7.643826718416958e-05,1.0001940783175434,9.572853337393916e-05,1.000153490866121,7.763966285215124e-05,1.0001168119281685,5.7767982688579345e-05,1.0001374729879438,6.945859320149034e-05,1.0002002377283734,9.89002688007258e-05,1.0001469068077349,7.431030887135483e-05,1.000137146358621,6.93312509861587e-05,1.0001543055205993,7.800018169036258e-05,1.000135025012273,6.825149079600011e-05,10.001526671384507,,1.0001526671384509
2120.950887920193,6.283884291032541,0.9999690828614058,4.3038240872739015,3.6601819625683567,1.0090928448875982,0.021604341424204608,0.6411297511138851,9.635832987267944,1.0001366450039355,6.904473276457032e-05,1.0001747983049911,8.627924174716866e-05,1.0001387101693964,7.012342083584655e-05,1.0001052661886791,5.208748460720558e-05,1.0001242140618405,6.272740253966704e-05,1.0001802844100425,8.91013198213466e-05,1.000132736761453,6.710485894495363e-05,1.000123914569881,6.26085843976095e-05,1.0001394501900491,7.045324821400085e-05,1.0001220360136602,6.165331796670161e-05,10.001378055673928,,1.000137805567393
2120.950887920193,6.283884291032541,0.9999690828614058,4.3038240872739015,3.6601819625683567,1.0090928448875982,0.021604341424204608,0.6411297511138851,9.635832987267944,1.0001366450039355,6.904473276457032e-05,1.0001747983049911,8.627924174716866e-05,1.0001387101693964,7.012342083584655e-05,1.0001052661886791,5.208748460720558e-05,1.0001242140618405,6.272740253966704e-05,1.0001802844100425,8.91013198213466e-05,1.000132736761453,6.710485894495363e-05,1.000123914569881,6.26085843976095e-05,1.0001394501900491,7.045324821400085e-05,1.0001220360136602,6.165331796670161e-05,10.001378055673928,,1.000137805567393
3393.2217718953298,7.0981991629280925,0.9999849623992516,5.112887474469995,2.9799864793017785,1.4183157609962955,0.02162551257971307,0.641331442465658,10.17414666981344,1.0001173941236976,5.927232300984408e-05,1.0001494134069655,7.38220154693483e-05,1.0001191703008308,6.0197149433149536e-05,1.0000900383687965,4.4587802264043106e-05,1.0001066912967371,5.383961500238018e-05,1.000154093158319,7.622449869895937e-05,1.000114026212249,5.75999470694745e-05,1.0001064384672629,5.373792685449529e-05,1.0001197982827943,6.047899826785512e-05,1.0001048442733962,5.292833834295785e-05,10.001181907891047,,1.0001181907891048
3393.2217718953298,7.0981991629280925,0.9999849623992516,5.112887474469995,2.9799864793017785,1.4183157609962955,0.02162551257971307,0.641331442465658,10.17414666981344,1.0001173941236976,5.927232300984408e-05,1.0001494134069655,7.38220154693483e-05,1.0001191703008308,6.0197149433149536e-05,1.0000900383687965,4.4587802264043106e-05,1.0001066912967371,5.383961500238018e-05,1.000154093158319,7.622449869895937e-05,1.000114026212249,5.75999470694745e-05,1.0001064384672629,5.373792685449529e-05,1.0001197982827943,6.047899826785512e-05,1.0001048442733962,5.292833834295785e-05,10.001181907891047,,1.0001181907891048
5000.0,7.969101682740133,0.9999976927068596,6.055678317342862,2.3293491816286327,1.933405962047365,0.02164410825651124,0.6415004928365168,10.981578062111886,1.000098372432625,4.962759963362257e-05,1.0001245173548556,6.158585506458805e-05,1.0000998675100188,5.040342168152517e-05,1.0000750842612485,3.7213808908020297e-05,1.0000893870772338,4.507244646787415e-05,1.0001284326420241,6.359119059373488e-05,1.0000955514952832,4.822628108386645e-05,1.0000891828955645,4.498943018087831e-05,1.0001003823709909,5.0636015919498874e-05,1.00008785488168,4.431596595162454e-05,10.000988632921523,0.0004956620154852333,1.0000988632921526
5428.67543932386,8.176838258680117,1.0000002845723004,6.292426453744347,2.1859084502987067,2.0681046784561596,0.02164825679422538,0.6415374952962789,11.20962533458972,1.0000940751814094,4.745039598637238e-05,1.0001189214276636,5.8832779221597425e-05,1.0000955068368975,4.819270279562034e-05,1.0000717206502283,3.555385727130301e-05,1.0000854787911482,4.30937503176377e-05,1.0001226659312183,6.07495556934694e-05,1.0000913785044891,4.611067979156349e-05,1.0000852855486977,4.301499336252617e-05,1.000095996300722,4.841416327065485e-05,1.00008401666379,4.237172951476271e-05,10.000945045836264,,1.0000945045836265
5428.67543932386,8.176838258680117,1.0000002845723004,6.292426453744347,2.1859084502987067,2.06810467845616,0.02164825679422538,0.6415374952962789,11.20962533458972,1.0000940751814094,4.745039598637238e-05,1.0001189214276636,5.8832779221597425e-05,1.0000955068368975,4.819270279562034e-05,1.0000717206502283,3.555385727130301e-05,1.0000854787911482,4.30937503176377e-05,1.0001226659312183,6.07495556934694e-05,1.0000913785044891,4.611067979156349e-05,1.0000852855486977,4.301499336252617e-05,1.000095996300722,4.841416327065485e-05,1.00008401666379,4.237172951476271e-05,10.000945045836264,,1.0000945045836265
8685.11373751352,9.49591106630941,1.0000135354798785,7.902418422208536,1.3810779868523433,3.029840394567561,0.021673314612463725,0.6417575011550352,12.97676761939594,1.0000689659311992,3.4742180686754865e-05,1.0000864534655909,4.283765112680183e-05,1.0000700255461379,3.528873965256313e-05,1.0000521879346742,2.590389778202901e-05,1.0000626483543176,3.1546615127109364e-05,1.0000892052131178,4.424117894856115e-05,1.0000669964393352,3.376312392348979e-05,1.0000625170414488,3.149228063049929e-05,1.0000703697278317,3.544603208775949e-05,1.0000615897503025,3.1023176272788864e-05,10.000690959403958,,1.0000690959403955
8685.11373751352,9.49591106630941,1.0000135354798785,7.902418422208536,1.3810779868523433,3.029840394567561,0.021673314612463725,0.6417575011550352,12.97676761939594,1.0000689659311992,3.4742180686754865e-05,1.0000864534655909,4.283765112680183e-05,1.000070025546138,3.528873965256313e-05,1.0000521879346742,2.590389778202901e-05,1.0000626483543176,3.1546615127109364e-05,1.0000892052131178,4.424117894856115e-05,1.0000669964393352,3.376312392348979e-05,1.0000625170414488,3.149228063049929e-05,1.0000703697278317,3.544603208775949e-05,1.0000615897503025,3.1023176272788864e-05,10.000690959403958,,1.0000690959403955
10000.0,9.926020587953358,1.0000167704178229,8.467262369323759,1.158310106552207,3.383213280854925,0.02168119099778696,0.6418257874902409,13.672292735218921,1.0000615980156895,3.101784309159734e-05,1.0000770063601645,3.817612231881811e-05,1.0000625476502132,3.150684003665469e-05,1.0000464989832758,2.3089680815834768e-05,1.0000559510070028,2.8163271562119232e-05,1.0000794672055018,3.942981625251653e-05,1.0000598416764654,3.014455600979248e-05,1.000055836949443,2.8115830952191645e-05,1.0000628505456182,3.164574082193185e-05,1.0000550090970672,2.769731588951825e-05,10.000616607490443,0.00030898701775097483,1.0000616607490442
13894.954943731389,10.959803566457751,1.0000225278507355,9.905065715315867,0.7028414721540881,4.312589978241923,0.021699810864720344,0.6419862017550452,15.584183178331644,1.0000455550035303,2.2916725925285394e-05,1.0000565768684304,2.8082480230335017e-05,1.0000462633036535,2.3279957445254666e-05,1.0000341871613034,1.6992897314954625e-05,1.000041371129062,2.080499524174658e-05,1.000058403148639,2.9010333821877613e-05,1.0000442615091576,2.227321025752268e-05,1.0000412927069828,2.077193099793884e-05,1.0000464790446464,2.3379761202462053e-05,1.000040680734959,2.046305368855333e-05,10.000455070610368,,1.0000455070610363
13894.954943731389,10.959803566457751,1.0000225278507355,9.905065715315867,0.7028414721540881,4.312589978241923,0.021699810864720344,0.6419862017550452,15.584183178331644,1.0000455550035303,2.2916725925285394e-05,1.0000565768684304,2.8082480230335017e-05,1.0000462633036535,2.3279957445254666e-05,1.0000341871613034,1.6992897314954625e-05,1.000041371129062,2.080499524174658e-05,1.000058403148639,2.9010333821877613e-05,1.0000442615091576,2.227321025752268e-05,1.0000412927069828,2.077193099793884e-05,1.0000464790446464,2.3379761202462053e-05,1.000040680734959,2.046305368855333e-05,10.000455070610368,,1.0000455070610363
22229.96482526196,12.419118955284741,1.0000259923884571,12.127435004607687,0.2524105322337373,5.816964350442343,0.021725670841797003,0.6422074505524814,18.860743008678046,1.0000269549798286,1.354088766830282e-05,1.0000331670562057,1.649104000492416e-05,1.000027379357888,1.3757252753318411e-05,1.0000200613118757,9.985437825516624e-06,1.0000244731350358,1.2290934391781994e-05,1.000034253691778,1.7041048431800954e-05,1.0000261946725255,1.3162289076876245e-05,1.0000244318825466,1.2273138019346205e-05,1.0000274998524594,1.3813770901557196e-05,1.0000240696601936,1.2090727297672987e-05,10.000268485600335,,1.0000268485600337
22229.96482526196,12.419118955284741,1.0000259923884571,12.127435004607687,0.2524105322337373,5.816964350442343,0.021725670841797003,0.6422074505524814,18.860743008678046,1.0000269549798286,1.354088766830282e-05,1.0000331670562057,1.649104000492416e-05,1.000027379357888,1.3757252753318411e-05,1.0000200613118757,9.985437825516624e-06,1.0000244731350358,1.2290934391781994e-05,1.000034253691778,1.7041048431800954e-05,1.0000261946725255,1.3162289076876245e-05,1.0000244318825466,1.2273138019346205e-05,1.0000274998524594,1.3813770901557196e-05,1.0000240696601936,1.2090727297672987e-05,10.000268485600335,,1.0000268485600337
35564.80306223129,13.726249208985331,1.000024581394376,14.309220796106525,0.0405762445397299,7.3555129993508555,0.02174863324959929,0.6424030127008622,22.36946168594757,1.0000143698252626,7.209600125763615e-06,1.0000175349930982,8.731873981037034e-06,1.0000145986823985,7.325669558804256e-06,1.000010615428471,5.290322923649412e-06,1.0000130437954706,6.5430625145953924e-06,1.0000181173295852,9.02569660348395e-06,1.0000139671168122,7.0088815571634475e-06,1.0000130243356593,6.534445556477247e-06,1.0000146593990784,7.354555843605713e-06,1.0000128310774947,6.4373161878716474e-06,10.00014276198333,,1.000014276198333
35564.80306223129,13.726249208985331,1.000024581394376,14.309220796106525,0.0405762445397299,7.355512999350855,0.02174863324959929,0.6424030127008622,22.36946168594757,1.0000143698252626,7.209600125763615e-06,1.0000175349930982,8.731873981037034e-06,1.0000145986823985,7.325669558804256e-06,1.000010615428471,5.290322923649412e-06,1.0000130437954706,6.5430625145953924e-06,1.0000181173295852,9.02569660348395e-06,1.0000139671168122,7.0088815571634475e-06,1.0000130243356593,6.534445556477247e-06,1.0000146593990784,7.354555843605713e-06,1.0000128310774947,6.4373161878716474e-06,10.00014276198333,,1.000014276198333
50000.0,14.523776448186762,1.0000216511689213,15.72891167412586,0.00031734991261394,8.382759576561254,0.02176260089166312,0.6425217062302963,24.77627290772169,1.0000086044582657,4.313671018012391e-06,1.0000104465660578,5.2068484523805175e-06,1.0000087424736241,4.383443416881129e-06,1.0000063275482547,3.1557745368259087e-06,1.0000078093774785,3.9144962651322446e-06,1.0000107963925675,5.383040044299956e-06,1.0000083643215112,4.1939059467608075e-06,1.0000077986661602,3.909659564834454e-06,1.0000087775208393,4.400279072447094e-06,1.000007682872625,3.85153254586444e-06,10.000085350197383,4.2712650863438944e-05,1.0000085350197385
56898.66029018305,14.789607157001965,1.0000203276634931,16.216990940169993,0.0018821737796775309,8.740041540913102,0.02176725282822001,0.6425612035861896,25.623243111277183,1.0000070072691427,3.5120441251480057e-06,1.0000084930632724,4.234460570828432e-06,1.00000711993396,3.5689396307306364e-06,1.0000051452049858,2.566737761170008e-06,1.0000063594833972,3.1869496187721943e-06,1.0000087782617209,4.378021403615529e-06,1.0000068119841858,3.4146267231676214e-06,1.0000063510176909,3.183098963981867e-06,1.0000071481173158,3.582524274582396e-06,1.000006256696727,3.1357696470840767e-06,10.0000694710324,,1.0000069471032398
56898.66029018305,14.789607157001965,1.0000203276634931,16.216990940169993,0.0018821737796775309,8.740041540913102,0.02176725282822001,0.6425612035861896,25.623243111277183,1.0000070072691427,3.5120441251480057e-06,1.0000084930632724,4.234460570828432e-06,1.00000711993396,3.5689396307306364e-06,1.0000051452049858,2.566737761170008e-06,1.0000063594833972,3.1869496187721943e-06,1.0000087782617209,4.378021403615529e-06,1.0000068119841858,3.4146267231676214e-06,1.0000063510176909,3.183098963981867e-06,1.0000071481173158,3.582524274582396e-06,1.000006256696727,3.1357696470840767e-06,10.0000694710324,,1.0000069471032398
91029.81779915227,15.589056298642532,1.0000153053243936,17.729531796572584,0.05171191692603957,9.85928176591148,0.021781237261999643,0.6426798556527161,28.30498657232481,1.0000031868171535,1.595988447748329e-06,1.0000038429495564,1.9177525845693586e-06,1.0000032384260826,1.6219666286836697e-06,1.0000023293357805,1.1628823054002322e-06,1.0000028918152923,1.4481185018831058e-06,1.0000039730754695,1.9831571691517242e-06,1.0000030983895625,1.5518457071411775e-06,1.0000028883196552,1.446488651445529e-06,1.0000032507496233,1.6279715497947555e-06,1.0000028453927168,1.4249737522882288e-06,10.000031545270893,,1.0000031545270893
91029.81779915227,15.589056298642532,1.0000153053243936,17.729531796572584,0.05171191692603957,9.85928176591148,0.021781237261999643,0.6426798556527161,28.30498657232481,1.0000031868171535,1.595988447748329e-06,1.0000038429495564,1.9177525845693586e-06,1.0000032384260826,1.6219666286836697e-06,1.0000023293357805,1.1628823054002322e-06,1.0000028918152923,1.4481185018831058e-06,1.0000039730754695,1.9831571691517242e-06,1.0000030983895625,1.5518457071411775e-06,1.0000028883196552,1.446488651445529e-06,1.0000032507496233,1.6279715497947555e-06,1.0000028453927168,1.4249737522882288e-06,10.000031545270893,,1.0000031545270893
100000.0,15.719437640941287,1.0000143380115047,17.982553283001725,0.0662587493521917,10.048172953939028,0.02178351746874348,0.6426991916081995,28.76146769536989,1.0000027041401611,1.3540867019955583e-06,1.0000032581924532,1.626177920945335e-06,1.0000027479840103,1.3761445405617078e-06,1.0000019750650493,9.86138502005138e-07,1.0000024537645569,1.228610401616678e-06,1.000003368667448,1.68169471607381e-06,1.0000026291600173,1.31665242922121e-06,1.0000024508476444,1.2272442497889263e-06,1.0000027583723237,1.3812159255317828e-06,1.000002414418012,1.2089892789296403e-06,10.000026760611677,1.3386954666669788e-05,1.0000026760611676
145634.84775012446,16.155243040625187,1.0000108038182272,18.84122486572068,0.12794416708233752,10.692503533950644,0.021791139383061608,0.642763806619266,30.326227512755985,1.0000013774546952,6.894606072597623e-07,1.0000016550909312,8.264598988358226e-07,1.0000013998765174,7.007210898164865e-07,1.0000010035774247,5.012839246333159e-07,1.0000012498230568,6.255398295738635e-07,1.000001711464377,8.54776861356177e-07,1.0000013393537883,6.704307583471838e-07,1.0000012484214793,6.248727155898412e-07,1.0000014050506425,7.032633081419532e-07,1.0000012298569776,6.155759206207283e-07,10.000013619969893,,1.0000013619969892
145634.84775012446,16.155243040625187,1.0000108038182272,18.84122486572068,0.12794416708233752,10.692503533950644,0.021791139383061608,0.642763806619266,30.326227512755985,1.0000013774546952,6.894606072597623e-07,1.0000016550909312,8.264598988358226e-07,1.0000013998765174,7.007210898164865e-07,1.0000010035774247,5.012839246333159e-07,1.0000012498230568,6.255398295738635e-07,1.000001711464377,8.54776861356177e-07,1.0000013393537883,6.704307583471838e-07,1.0000012484214793,6.248727155898412e-07,1.0000014050506425,7.032633081419532e-07,1.0000012298569776,6.155759206207283e-07,10.000013619969893,,1.0000013619969892
232995.1810515372,16.53951075307415,1.0000073033210295,19.614809535636702,0.1990058974327269,11.277131054253747,0.021797860456565902,0.6428207629746021,31.755565110754343,1.0000005747590668,2.875771965038612e-07,1.0000006889219215,3.441471238333612e-07,1.0000005841475303,2.922848269435402e-07,1.000000417838474,2.0878365826295818e-07,1.0000005214688903,2.6090380122363865e-07,1.0000007124806642,3.559838098368753e-07,1.0000005588956666,2.7965112597489405e-07,1.0000005209152103,2.6063606564426136e-07,1.0000005862630124,2.93330431339048e-07,1.000000513166056,2.567575809833067e-07,10.000005678856494,,1.0000005678856492
232995.1810515372,16.53951075307415,1.0000073033210295,19.614809535636702,0.1990058974327269,11.277131054253747,0.021797860456565902,0.6428207629746021,31.755565110754343,1.0000005747590668,2.875771965038612e-07,1.0000006889219215,3.441471238333612e-07,1.0000005841475303,2.922848269435402e-07,1.000000417838474,2.0878365826295818e-07,1.0000005214688903,2.6090380122363865e-07,1.0000007124806642,3.559838098368753e-07,1.0000005588956666,2.7965112597489405e-07,1.0000005209152103,2.6063606564426136e-07,1.0000005862630124,2.93330431339048e-07,1.0000005131660559,2.567575809833067e-07,10.000005678856494,,1.0000005678856492
372759.3720314938,16.792843418278,1.0000047987977818,20.13322499323973,0.25439362657364595,11.670995477370065,0.021802291951280587,0.6428583066778795,32.7232746958126,1.0000002342389354,1.1717089855860471e-07,1.0000002803137549,1.4006093868658676e-07,1.0000002380739617,1.19091904068194e-07,1.000000170041461,8.498553881333092e-08,1.0000002125116705,1.0629989809498697e-07,1.0000002899246645,1.4489575846588143e-07,1.0000002277833149,1.1394456644980353e-07,1.0000002122944174,1.0619364565318579e-07,1.0000002389243812,1.1951394766847688e-07,1.0000002091355158,1.0461318033812674e-07,10.000002313242076,,1.0000002313242078
372759.3720314938,16.792843418278,1.0000047987977818,20.13322499323973,0.25439362657364595,11.670995477370065,0.021802291951280587,0.6428583066778795,32.7232746958126,1.0000002342389354,1.1717089855860471e-07,1.0000002803137549,1.4006093868658676e-07,1.0000002380739617,1.19091904068194e-07,1.000000170041461,8.498553881333092e-08,1.0000002125116705,1.0629989809498696e-07,1.0000002899246645,1.4489575846588143e-07,1.0000002277833149,1.1394456644980353e-07,1.0000002122944174,1.0619364565318579e-07,1.0000002389243812,1.1951394766847688e-07,1.0000002091355158,1.0461318033812674e-07,10.000002313242076,,1.0000002313242078
500000.0,16.903565316495108,1.0000036550889946,20.361903202422003,0.28073141873461216,11.845242929609153,0.02180422896831582,0.6428747147701482,33.15255649450423,1.0000001325777788,6.631079030945865e-08,1.0000001585443152,7.922336757080603e-08,1.0000001347505691,6.739867343823641e-08,1.0000000961817184,4.807588946471045e-08,1.0000001202779965,6.015776166015722e-08,1.0000001639864289,8.196489759485494e-08,1.000000128926274,6.448566996188456e-08,1.0000001201571151,6.009833238826896e-08,1.0000001352289918,6.763653572580741e-08,1.0000001183689988,5.920384286648973e-08,10.000001309000186,6.545557609806743e-07,1.0000001309000188
596362.3316594637,16.956675840465845,1.0000030958895472,20.472047159711387,0.29382464067677544,11.929279092544348,0.02180515815111124,0.6428825852067489,33.35983863629037,1.0000000940052023,4.701567807930788e-08,1.0000001123790498,5.615590332678372e-08,1.000000095546579,4.778725532641317e-08,1.0000000681776893,3.407991131836509e-08,1.0000000852831783,4.2652792465227074e-08,1.0000001162386312,5.8102417830673184e-08,1.0000000914168736,4.5721891584541036e-08,1.0000000851981736,4.2610894968761815e-08,1.0000000958848188,4.7955568864776015e-08,1.000000083930231,4.197666566834325e-08,10.000000928060429,,1.0000000928060426
596362.3316594637,16.956675840465845,1.0000030958895472,20.472047159711387,0.29382464067677544,11.929279092544348,0.02180515815111124,0.6428825852067489,33.35983863629037,1.0000000940052023,4.701567807930788e-08,1.0000001123790498,5.615590332678372e-08,1.000000095546579,4.778725532641317e-08,1.0000000681776893,3.407991131836509e-08,1.0000000852831783,4.2652792465227074e-08,1.0000001162386312,5.8102417830673184e-08,1.0000000914168736,4.572189158454104e-08,1.0000000851981736,4.2610894968761815e-08,1.0000000958848188,4.7955568864776015e-08,1.000000083930231,4.197666566834325e-08,10.000000928060429,,1.0000000928060426
954095.4763499964,17.061315356640193,1.0000019740547554,20.68991366653474,0.3204929907741657,12.095709940031519,0.021806988936752755,0.6428980915645527,33.77082167784173,1.0000000373553213,1.868093696619978e-08,1.0000000446269677,2.2299192420797728e-08,1.0000000379684109,1.8987704224272976e-08,1.000000027075968,1.3535748645234404e-08,1.000000033888798,1.6947206101286594e-08,1.0000000461613083,2.3076425564710428e-08,1.0000000363274086,1.81670758864598e-08,1.0000000338555752,1.6930746090989546e-08,1.0000000381020426,1.9054318126449133e-08,1.000000033351674,1.667873065109184e-08,10.000000368713474,,1.0000000368713473
954095.4763499964,17.061315356640193,1.0000019740547554,20.68991366653474,0.3204929907741657,12.095709940031519,0.021806988936752755,0.6428980915645527,33.77082167784173,1.0000000373553213,1.868093696619978e-08,1.0000000446269677,2.229919242079773e-08,1.0000000379684109,1.8987704224272976e-08,1.0000000270759681,1.3535748645234404e-08,1.000000033888798,1.6947206101286594e-08,1.0000000461613083,2.3076425564710428e-08,1.0000000363274086,1.81670758864598e-08,1.0000000338555752,1.6930746090989546e-08,1.0000000381020426,1.9054318126449133e-08,1.000000033351674,1.667873065109184e-08,10.000000368713474,,1.0000000368713473
1000000.0,17.06939535944123,1.0000018863212503,20.70678412811486,0.3226003499588572,12.108608807530125,0.021807130310569595,0.6428992889209563,33.80269970483537,1.0000000340488289,1.7027265860938246e-08,1.000000040674742,2.0324110990794952e-08,1.0000000346076927,1.7306891208578673e-08,1.0000000246782128,1.2337161508640993e-08,1.0000000308891008,1.5446993360643783e-08,1.0000000420733155,2.1032978320134263e-08,1.0000000331119452,1.6558906963608096e-08,1.0000000308588572,1.5432003664615796e-08,1.0000000347294415,1.736758964706633e-08,1.000000030399555,1.5202296328128237e-08,10.000000336071693,1.6803619785314936e-07,1.0000000336071693
1526417.9671752362,17.127617668343287,1.0000012494505337,20.82855152459702,0.33798958784876665,12.201757919828207,0.02180814905726224,0.6429079169585353,34.033015098289795,1.0000000147507035,7.3761651192846835e-09,1.000000017614686,8.800091455660421e-09,1.0000000149929438,7.497340530366765e-09,1.0000000106876032,5.343247679025872e-09,1.000000013381705,6.691549623923242e-09,1.000000018220722,9.109312674133286e-09,1.0000000143449623,7.173318601684758e-09,1.0000000133687257,6.6850978591571216e-09,1.0000000150455153,7.523576499867812e-09,1.0000000131697342,6.585585666702766e-09,10.000000145577301,,1.0000000145577301
1526417.9671752362,17.127617668343287,1.0000012494505337,20.82855152459702,0.33798958784876665,12.201757919828207,0.02180814905726224,0.6429079169585353,34.033015098289795,1.0000000147507035,7.3761651192846835e-09,1.000000017614686,8.800091455660421e-09,1.0000000149929438,7.497340530366765e-09,1.0000000106876032,5.343247679025872e-09,1.000000013381705,6.691549623923242e-09,1.000000018220722,9.109312674133286e-09,1.0000000143449623,7.173318601684758e-09,1.0000000133687257,6.6850978591571216e-09,1.0000000150455153,7.523576499867812e-09,1.0000000131697342,6.585585666702766e-09,10.000000145577301,,1.0000000145577301
2442053.0945486547,17.169416588094446,1.0000007871280308,20.91618371954575,0.34925800788691064,12.268846145812054,0.02180888042546861,0.6429141108383384,34.199010864508516,1.0000000058018312,2.901116912174769e-09,1.0000000069264707,3.4591166039092383e-09,1.0000000058971468,2.9487882645202408e-09,1.0000000042027086,2.10121779272607e-09,1.0000000052633324,2.6318382597881235e-09,1.0000000071648782,3.5821811042438932e-09,1.000000005642282,2.821347932667977e-09,1.00000000525826,2.6293123191004588e-09,1.000000005917777,2.959091120138206e-09,1.000000005179989,2.5901723666181903e-09,10.000000057254676,,1.0000000057254677
2442053.0945486547,17.169416588094446,1.0000007871280308,20.91618371954575,0.34925800788691064,12.268846145812054,0.02180888042546861,0.6429141108383384,34.199010864508516,1.0000000058018312,2.901116912174769e-09,1.0000000069264707,3.4591166039092383e-09,1.0000000058971468,2.9487882645202408e-09,1.0000000042027086,2.10121779272607e-09,1.0000000052633324,2.6318382597881235e-09,1.0000000071648782,3.5821811042438932e-09,1.000000005642282,2.821347932667977e-09,1.00000000525826,2.6293123191004588e-09,1.000000005917777,2.959091120138206e-09,1.000000005179989,2.5901723666181903e-09,10.000000057254676,,1.0000000057254677
3906939.937054621,17.1956839046115,1.0000004944229814,20.971347340930734,0.35643380756708565,12.311099596162233,0.021809340050234605,0.6429180032687322,34.30360808797902,1.0000000022762918,1.1381958552762168e-09,1.0000000027170792,1.3560663449236626e-09,1.0000000023136968,1.1569018798594975e-09,1.0000000016486457,8.242893741999356e-10,1.0000000020650075,1.0325467934230832e-09,1.0000000028106264,1.4052503054942813e-09,1.000000002213704,1.1069032177711348e-09,1.0000000020630255,1.0315583984281585e-09,1.0000000023217783,1.1609397500721302e-09,1.0000000020323154,1.0162023731366737e-09,10.00000002246217,,1.0000000022462172
3906939.937054621,17.1956839046115,1.0000004944229814,20.971347340930734,0.35643380756708565,12.311099596162233,0.021809340050234605,0.6429180032687322,34.30360808797902,1.0000000022762918,1.1381958552762168e-09,1.0000000027170792,1.3560663449236626e-09,1.0000000023136968,1.1569018798594975e-09,1.0000000016486457,8.242893741999356e-10,1.0000000020650075,1.0325467934230832e-09,1.0000000028106264,1.4052503054942813e-09,1.000000002213704,1.1069032177711348e-09,1.0000000020630255,1.0315583984281585e-09,1.0000000023217783,1.1609397500721302e-09,1.0000000020323154,1.0162023731366737e-09,10.00000002246217,,1.0000000022462172
5000000.0,17.20528381498489,1.0000003870300147,20.991526070712823,0.3590745480338472,12.326560055091608,0.02180950803302439,0.6429194258514237,34.34188960772272,1.0000000013919592,6.96003699013656e-10,1.000000001661401,8.287872927550277e-10,1.0000000014148354,7.07443241881661e-10,1.0000000010080965,5.04032477567607e-10,1.0000000012627557,6.313989792776821e-10,1.0000000017186084,8.592739310295848e-10,1.0000000013536885,6.768692275752756e-10,1.0000000012615458,6.307952667326868e-10,1.000000001419775,7.099115023769314e-10,1.0000000012427668,6.214049012899271e-10,10.00000001373543,6.865920519500041e-09,1.0000000013735435
6250551.925273976,17.21215775502126,1.0000003099943833,21.005980774555088,0.3609714070326655,12.33763629610426,0.021809628316490158,0.6429204444808131,34.36931855048932,1.0000000008916723,4.458490423705992e-10,1.0000000010642285,5.305921184764452e-10,1.0000000009063277,4.531771426520383e-10,1.0000000006457492,3.2286689133776415e-10,1.0000000008089058,4.0446403392039607e-10,1.0000000011008756,5.504224085298006e-10,1.0000000008671577,4.3359213173697747e-10,1.0000000008081316,4.040778396238952e-10,1.0000000009094907,4.547581660707681e-10,1.000000000796102,3.9806241802003484e-10,10.000000008798645,,1.0000000008798644
6250551.925273976,17.21215775502126,1.0000003099943833,21.005980774555088,0.3609714070326655,12.33763629610426,0.021809628316490158,0.6429204444808131,34.36931855048932,1.0000000008916723,4.458490423705992e-10,1.0000000010642285,5.305921184764452e-10,1.0000000009063277,4.531771426520383e-10,1.0000000006457492,3.2286689133776415e-10,1.0000000008089058,4.0446403392039607e-10,1.0000000011008756,5.504224085298006e-10,1.0000000008671577,4.3359213173697747e-10,1.0000000008081316,4.040778396238952e-10,1.0000000009094907,4.547581660707681e-10,1.000000000796102,3.9806241802003484e-10,10.000000008798645,,1.0000000008798644
10000000.0,17.222476525897967,1.0000001941372951,21.02768864799248,0.3638282386603967,12.354272623202148,0.02180980888094367,0.6429219735959538,34.41052129233192,1.000000000348942,1.744745703468856e-10,1.000000000416442,2.07275578211664e-10,1.0000000003546778,1.7734270922996873e-10,1.00000000025269,1.2634309106595306e-10,1.000000000316552,1.5827941581191755e-10,1.0000000004307843,2.1538855119285653e-10,1.0000000003393494,1.6967827945045624e-10,1.0000000003162497,1.581283744797586e-10,1.0000000003559146,1.7796096482052562e-10,1.000000000311542,1.5577423454674206e-10,10.000000003443144,,1.0000000003443144
10000000.0,17.222476525897967,1.0000001941372951,21.02768864799248,0.3638282386603967,12.354272623202148,0.02180980888094367,0.6429219735959538,34.41052129233192,1.000000000348942,1.744745703468856e-10,1.000000000416442,2.07275578211664e-10,1.0000000003546778,1.7734270922996873e-10,1.0000000002526899,1.2634309106595306e-10,1.0000000003165521,1.5827941581191755e-10,1.0000000004307843,2.1538855119285653e-10,1.0000000003393494,1.6967827945045624e-10,1.0000000003162497,1.581283744797586e-10,1.0000000003559146,1.7796096482052562e-10,1.000000000311542,1.5577423454674206e-10,10.000000003443144,,1.0000000003443144
