,av_chi2,av_gradient alpha,log10_hyperpars alpha,av_gradient gamma,log10_hyperpars gamma
0,1494645.3169331923,-83484.15052542706,0.0,6864.549111858523,0.0
1,3640.039076909952,-7654.440449240813,0.99663650688332,-1.041579859191529,-0.08194921077969103
2,3150.1217296848663,-2897.5909462277655,1.0973135988825653,-28.72671724612191,-0.08111821705429109
3,3008.080705969158,-1689.717107806189,1.158653675257281,-25.29257523337604,-0.079651371289927
4,2905.3363916389135,-756.8894301112689,1.2444853892614185,-14.95052782198633,-0.07656620508940772
5,2863.234006331635,-463.5599001748567,1.314143655448186,-13.941165498386818,-0.07346398744831988
6,2826.690625196836,-248.58084734660093,1.4243478369186795,-14.09865499374858,-0.06565043874860961
7,2792.3177797139797,-167.42056928860154,1.5523016100946692,-17.791933144764723,-0.04932157375408081
8,2799.6914873455075,215.03734007091884,1.8232069064826666,-19.59854639594662,0.024903423379662747
9,2784.123359607671,-13.669974223750462,1.665665021670083,-19.469617861171002,-0.018261276995595974
10,2784.4269106822157,2.0137168362663487,1.6798818366345036,-20.137259847784634,0.00047689097156776786
11,2784.885201227725,-11.541615913128101,1.6675843791079994,-19.66473766688449,-0.01573150910097888
12,2785.7477226976857,-14.214492783185847,1.6656943513239861,-19.513598697678187,-0.018222619674484877
13,2785.87509758357,-11.976166335133792,1.6656650251395388,-19.873095601360575,-0.01826127242275417
14,2784.123359607671,-13.66997422375095,1.665665021670083,-19.46961786117103,-0.018261276995595915
15,2784.123359607671,-13.669974223752043,1.665665021670083,-19.469617861171077,-0.018261276995595856
16,2785.64188588726,-13.703361020749254,1.665665023404811,-19.640448146515627,-0.018261274709175015
17,2784.123359607671,-13.669974223752043,1.665665021670083,-19.469617861171077,-0.01826127699559584
18,2786.2966324482977,-13.187330868897664,1.6656650216700832,-19.7174983265258,-0.01826127699559582
19,2784.123359607671,-13.669974223752043,1.665665021670083,-19.469617861171077,-0.01826127699559584
