,av_chi2,av_gradient logalpha,log10_hyperpars alpha,av_gradient logbeta,log10_hyperpars beta,av_gradient loggamma,log10_hyperpars gamma
0,281936.0305433927,-521378.584504029,0.0,-76694.00100580038,0.0,292008.8379643695,0.0
1,7513.143128969918,-46851.90885814376,0.8653818786539929,-4304.570160910986,0.1272963651451585,-983.6327574520806,-0.4846749833838308
2,3766.3600278755594,-32539.587289085233,0.9518912897556754,-3231.68201401918,0.13509294647292314,-1229.4456359976875,-0.48126395205682504
3,2078.3391554916816,-14671.345928362443,1.1491969483474291,-1970.7164649803865,0.1579020301678431,-19.024719935904205,-0.4649778012907977
4,860.4512489243953,-2949.4728446058098,1.3113120849199285,-392.98933232319075,0.1867479790311804,37.14946332150024,-0.45926614286920997
5,759.9420232203602,-1978.32415362433,1.3520818124353633,-295.457219815123,0.19392863013699788,30.787334257223108,-0.4583497346350625
6,643.7872251634086,-873.8940042068155,1.4354155906421473,-187.93084881327331,0.2126813596750431,19.090059710413108,-0.45687462762782677
7,598.4576426229605,-430.7876627006829,1.5022962233178847,-145.24779667564633,0.23562180060842355,12.746238356376802,-0.4559561332985723
8,573.0378603148631,-178.7422312762071,1.5709742991475322,-102.50171320972146,0.27556581674390146,8.890954385765662,-0.4551788631703756
