time required:  28465.610088586807
reference test chi2:  537.4352500172274
test chi2:  2.1290809640830597
test seed:  5
{'loss': DeviceArray(245.59301323, dtype=float64), 'pars': array([ 0.60859391, -1.1408124 , 10.30109403, -1.74564241, -0.18598111,
       18.56713762, -5.22437149, -0.16816322,  7.43093328, -1.72490706,
        0.42105088]), 'mini':   message: Desired error not necessarily achieved due to precision loss.
  success: False
   status: 2
      fun: 245.59301322932973
        x: [ 6.086e-01 -1.141e+00  1.030e+01 -1.746e+00 -1.860e-01
             1.857e+01 -5.224e+00 -1.682e-01  7.431e+00 -1.725e+00
             4.211e-01]
      nit: 18
      jac: [ 1.103e-02 -1.295e-02  7.503e-04  1.162e-03  3.114e-03
            -4.581e-03 -2.951e-03 -3.339e-03  1.069e-03 -7.071e-03
            -3.486e-04]
 hess_inv: [[ 1.015e-02  7.120e-03 ...  2.135e-03  2.460e-03]
            [ 7.120e-03  3.805e-02 ...  5.747e-04  2.261e-03]
            ...
            [ 2.135e-03  5.747e-04 ...  7.940e-02 -3.463e-05]
            [ 2.460e-03  2.261e-03 ... -3.463e-05  2.264e-01]]
     nfev: 42
     njev: 31, 'min_lambdas': {'AAAA': {'backbone1_gamma_3J': DeviceArray([-0.01770269,  0.00258829, -0.00084634,  0.01219768,
             -0.00045461, -0.00096075,  0.00458336, -0.00181836],            dtype=float64), 'backbone2_beta_epsilon_3J': DeviceArray([-0.00220617,  0.00503891,  0.00521129, -0.0098998 ,
              0.00943401,  0.00517693, -0.01481515,  0.00932945],            dtype=float64), 'sugar_3J': DeviceArray([ 1.54390495e-02,  1.28687293e-02,  1.44388224e-03,
              2.78503208e-03,  6.31674045e-03, -3.17555797e-03,
              2.45328824e-05, -6.92342546e-04], dtype=float64), 'NOEs': DeviceArray([ 112.57408196,  -38.46107646,  229.32339006,   86.25785013,
                8.59308373,   22.43357497,   92.61869752,  -49.87640059,
               30.17156884,  -23.27499751,   36.14590572,   74.52031709,
              966.17175184,  -54.5950516 ,  -96.63994579,  127.71865672,
              -52.73863999,  300.0979422 ,    8.16437676,  103.82063105,
                2.31498039,  -87.21838203,  525.4665201 ,   72.6082501 ,
              190.51490534,  450.90503855,  468.80247793,   -4.82014655,
              -38.52253838,   -9.01163681, -157.60009232,  102.1104487 ,
               67.7554331 ,   66.26205123,  311.36322405], dtype=float64), 'uNOEs': DeviceArray([   0.        ,    0.        ,    0.        ,    0.        ,
                0.        ,    0.        ,    0.        ,    0.        ,
                0.        ,    0.        ,    0.        ,    0.        ,
                0.        ,    0.        ,    0.        ,    0.        ,
                0.        ,    0.        ,    0.        ,    0.        ,
                0.        ,    0.        ,    0.        ,    0.        ,
              308.30491177,    0.        ,    0.        ,    0.        ,
                0.        ,    0.        ,    0.        ,  182.96155142,
                0.        ,    0.        ,    0.        ,    0.        ,
                0.        ,    0.        ,    0.        ,    0.        ,
                0.        ,    0.        ,    0.        ,  102.10628485,
                0.        ,    0.        ,    0.        ,    0.        ,
                0.        ,    0.        ,    0.        ,    0.        ,
                0.        ,    0.        ,    0.        ,    0.        ,
                0.        ,    0.        ,    0.        ,    0.        ,
                0.        ,    0.        ,    0.        ,    0.        ,
                0.        ,    0.        ,   23.75787307,    0.        ,
                0.        ,    0.        ,    0.        ,   59.10770724,
                0.        ,    0.        ,    0.        ,    0.        ,
                0.        ,    0.        ,    0.        ,    0.        ,
                0.        ,    0.        ,    0.        ,    0.        ,
                0.        , 1602.62570396,    0.        ,    0.        ,
                0.        ,    0.        ,    0.        ,    0.        ,
                0.        ,    0.        ,    0.        ,    0.        ,
                0.        ,    0.        ,    0.        ,    0.        ,
                0.        ,    0.        ,    0.        ,    0.        ,
                0.        ,    0.        ,    0.        ,    0.        ,
                0.        ,    0.        ,    0.        ,    0.        ,
                0.        ,    0.        ,    0.        ,    0.        ,
                0.        ,    0.        ,    0.        ,    0.        ,
                0.        ,    0.        ,    0.        ,    0.        ,
                0.        ,    0.        ,    0.        ,    0.        ,
                0.        ,    0.        ,    0.        ,    0.        ,
                0.        ,    0.        ,    0.        ,    0.        ,
                0.        ,    0.        ,    0.        ,    0.        ,
                0.        ,    0.        ,    0.        ,    0.        ,
                0.        ,    0.        ,    0.        ,    0.        ,
                0.        ,    0.        ,    0.        ,    0.        ,
                0.        ,    0.        ,    0.        ,    0.        ,
                0.        ,    0.        ,    0.        ,    0.        ,
                0.        ,    0.        ,    0.        ,    0.        ,
                0.        ,    0.        ,    0.        ,    0.        ,
                0.        ,    0.        ,    0.        ,    0.        ,
                0.        ,    0.        ,    0.        ,    0.        ,
                0.        ,    0.        ,    0.        ,    0.        ,
                0.        ,    0.        ,    0.        ,    0.        ,
                0.        ,    0.        ,    0.        ,    0.        ,
                0.        ,    0.        ,    0.        ,    0.        ,
                0.        ,    0.        ,    0.        ,    0.        ,
                0.        ,    0.        ,    0.        ,    0.        ,
                0.        ,    0.        ,    0.        ,    0.        ,
                0.        ,    0.        ,    0.        ,    0.        ,
                0.        ,    0.        ,    0.        ,    0.        ,
                0.        ,    0.        ,    0.        ,    0.        ,
                0.        ,    0.        ], dtype=float64)}, 'CAAU': {'backbone1_gamma_3J': DeviceArray([-0.01421903, -0.00402024,  0.00096588,  0.00532473,
              0.01214965], dtype=float64), 'backbone2_beta_epsilon_3J': DeviceArray([ 0.00871268, -0.01129386,  0.00244593, -0.00407554,
             -0.00984143, -0.01501597], dtype=float64), 'sugar_3J': DeviceArray([ 0.01214241, -0.01167205, -0.00042458,  0.00642016,
             -0.00286919, -0.00042452, -0.00794467, -0.00011077,
              0.01378646,  0.00499008], dtype=float64), 'NOEs': DeviceArray([ 104.52687169,  210.16853618,   18.06008516,   18.26476259,
               65.62234762,   43.45756565,  448.07781914,  -87.62795796,
              401.29227625,  -76.63059355,   94.1387223 ,   11.30321559,
              327.41756627,  221.00724047,   25.4837008 ,  -75.8346037 ,
             -137.97175774,   14.32247112,   80.60875611,   -7.21735375,
              -14.35993565,  589.56238099,   98.03409589,  250.08040606,
               19.43696723,  -81.60572418,  -21.5178769 ,   54.14748586,
                1.64126644,  -43.17928019,   24.84586165,   11.34106167,
               83.18643766, -190.94121958,  -40.46544933,  125.09225083,
              101.48033756,   40.67590466], dtype=float64), 'uNOEs': DeviceArray([  0.        ,   0.        ,   0.        ,   0.        ,
               0.        ,   0.        ,   0.        ,   0.        ,
               0.        ,   0.        ,   0.        ,   0.        ,
               0.        ,   0.        ,   0.        ,   0.        ,
               0.        ,   0.        ,   0.        ,   0.        ,
               0.        ,   0.        ,   0.        ,   0.        ,
               0.        , 103.67352472,   0.        ,   0.        ,
               0.        ,   0.        ,   0.        ,   0.        ,
               0.        ,   0.        ,   0.        ,   8.26802018,
             255.78998674,   0.        ,   0.        ,   0.        ,
              66.18573794,   0.        ,   0.        ,   0.        ,
               0.        ,   0.        ,   0.        ,   0.        ,
               0.        ,   0.        ,   0.        ,   0.        ,
               0.        ,   0.        ,   0.        ,   0.        ,
               0.        ,   0.        ,   0.        ,   0.        ,
               0.        ,   0.        ,   0.        ,   0.        ,
               0.        ,   0.        ,   0.        ,   0.        ,
               0.        ,   0.        ,   0.        ,   0.        ,
               0.        ,   0.        ,   0.        ,   0.        ,
               0.        ,   0.        ,   0.        ,   0.        ,
               0.        ,   0.        ,   0.        ,   0.        ,
               0.        ,   0.        ,   0.        ,   0.        ,
               0.        ,   0.        ,   0.        ,   0.        ,
               0.        ,   0.        ,   0.        ,   0.        ,
               0.        ,   0.        ,   0.        ,   0.        ,
               0.        ,   0.        ,   0.        ,   0.        ,
               0.        ,   0.        ,   0.        ,   0.        ,
               0.        ,   0.        ,   0.        ,   0.        ,
               0.        ,   0.        ,   0.        ,   0.        ,
               0.        ,   0.        ,   0.        ,   0.        ,
               0.        ,   0.        ,   0.        ,   0.        ,
              62.58229134,   0.        ,   0.        ,   0.        ,
               0.        , 116.3622171 ,   0.        ,   0.        ,
               0.        ,   0.        ,   0.        ,   0.        ,
               0.        ,   0.        ,   0.        ,   0.        ,
               0.        ,   0.        ,   0.        ,   0.        ,
               0.        ,   0.        ,   0.        ,   0.        ,
               0.        ,   0.        ,   0.        ,   0.        ,
               0.        ,   0.        ,   0.        ,   0.        ,
               0.        ,   0.        ,   0.        ,   0.        ,
               0.        ,   0.        ,   0.        ,   0.        ,
               0.        ,   0.        , 296.55299927,   0.        ,
             706.57352732,   0.        ,   0.        ,   0.        ,
               0.        ,   0.        ,   0.        ,   0.        ,
               0.        ,   0.        ,   0.        ,   0.        ,
               0.        ,   0.        , 465.60646909,   0.        ,
               0.        ,   0.        ,   0.        ,   0.        ,
               0.        ,   0.        , 186.33113907,   7.35315708,
               0.        ,   0.        ,   0.        ,   0.        ,
               0.        ,   0.        ,   0.        ,   0.        ,
               0.        ,   0.        ,   0.        ,   0.        ,
               0.        ,   0.        ,   0.        ,   0.        ,
               0.        ,   0.        ,   0.        ,   0.        ,
               0.        ,   0.        ,   0.        ,   0.        ,
               0.        ,   0.        ,   0.        ,   0.        ,
               0.        ,   0.        ,   0.        ,   0.        ,
               0.        ,   0.        ,   0.        ,   0.        ,
               0.        ,   0.        ,   0.        ,   0.        ,
               0.        ,   0.        ,   0.        ,   0.        ,
               0.        ,   0.        ,   0.        ,   0.        ,
               0.        ,   0.        ,   0.        ,   0.        ,
               0.        ,   0.        ,   0.        ,   0.        ,
               0.        ,   0.        ,   0.        ,   0.        ,
               0.        ,   0.        ,   0.        ,   0.        ,
               0.        ,   0.        ,   0.        ,   0.        ,
               0.        ,   0.        ,   0.        ,   0.        ,
               0.        ,   0.        ,   0.        ,   0.        ,
               0.        ,   0.        ,   0.        ,   0.        ,
               0.        ,   0.        ,   0.        ,   0.        ,
               0.        ,   0.        ,   0.        ,   0.        ,
               0.        ,   0.        ,   0.        ,   0.        ,
               0.        ,   0.        ,   0.        ,   0.        ,
               0.        ,   0.        ,   0.        ,   0.        ,
               0.        ,   0.        ,   0.        ,   0.        ,
               0.        ,   0.        ,   0.        ,   0.        ,
               0.        ,   0.        ,   0.        ,   0.        ,
               0.        ,   0.        ,   0.        ,   0.        ,
               0.        ,   0.        ,   0.        ,   0.        ,
               0.        ,   0.        ,   0.        ,   0.        ,
               0.        ,   0.        ,   0.        ,   0.        ,
              16.88912471,   0.        ,   0.        ,   0.        ,
               0.        ,   0.        ,   0.        ,   0.        ,
             193.47257585,   0.        ,   0.        ,   0.        ,
               0.        ,   0.        ,   0.        ,   0.        ,
               0.        ,   0.        ,   0.        ,   0.        ],            dtype=float64)}, 'CCCC': {'backbone1_gamma_3J': DeviceArray([ 0.01127096, -0.00238073,  0.00959967,  0.00040504,
              0.0048862 ], dtype=float64), 'backbone2_beta_epsilon_3J': DeviceArray([ 0.01315659,  0.00694632, -0.00339132,  0.01230195,
              0.00125519, -0.00236289,  0.00502943], dtype=float64), 'sugar_3J': DeviceArray([ 0.0046532 , -0.00237507,  0.00019654,  0.01103277,
             -0.0097815 ,  0.00646089, -0.01349413, -0.00402312,
             -0.01055309], dtype=float64), 'NOEs': DeviceArray([ -43.0523033 ,   60.43307432,  140.64881639,   16.58859517,
              -51.82535674,  163.39054213,  283.31209096,    6.9882534 ,
              -52.98644137, -185.55697598,  -46.7865776 ,  -62.12819988,
              -12.66140569,   73.92380461, -100.73242293,  162.51298017,
              -23.96941196,  -43.48622553,  -13.60292236,   16.87177909,
               11.20148351, -137.29087046, -100.57809961], dtype=float64), 'uNOEs': DeviceArray([  0.        ,   0.        ,   0.        ,   0.        ,
               0.        ,   0.        ,   0.        ,   0.        ,
               0.        ,   0.        ,   0.        ,   0.        ,
               0.        ,   0.        ,   0.        ,   0.        ,
               0.        , 176.30874136, 331.17829293,   0.        ,
               0.        ,   0.        ,   0.        ,   0.        ,
               0.        ,   0.        ,   0.        ,   0.        ,
               0.        ,   0.        ,   0.        ,   0.        ,
               0.        ,   0.        ,   0.        ,   0.        ,
               0.        ,   0.        ,   0.        ,   0.        ,
               0.        ,   0.        ,   0.        ,   0.        ,
               0.        ,   0.        ,   0.        ,   0.        ,
               0.        ,   0.        ,   0.        ,   0.        ,
               0.        ,   0.        ,   0.        ,   0.        ,
               0.        ,   0.        ,   0.        ,   0.        ,
               0.        ,   0.        ,   0.        ,   0.        ,
               0.        ,   0.        ,   0.        ,   0.        ,
               0.        ,   0.        ,   0.        ,   0.        ,
               0.        ,   0.        ,   0.        ,   0.        ,
               0.        ,   0.        ,   0.        ,   0.        ,
               0.        ,   0.        ,   0.        ,   0.        ,
               0.        ,   0.        ,   0.        ,   0.        ,
               0.        ,   0.        ,   0.        ,   0.        ,
               0.        ,  35.08352303,   0.        ,   0.        ,
               0.        ,   0.        ,   0.        ,   0.        ,
               0.        ,   0.        ,   0.        ,   0.        ,
               0.        ,   0.        ,   0.        ,   0.        ,
               0.        ,   0.        ,   0.        ,   0.        ,
               0.        ,   0.        ,   0.        ,   0.        ,
               0.        ,   0.        ,   0.        ,   0.        ,
               0.        ,   0.        ,   0.        ,   0.        ,
               0.        ,   0.        ,   0.        ,   0.        ,
               0.        ,   0.        ,   0.        ,   0.        ,
               0.        ,   0.        ,   0.        ,   0.        ,
               0.        ,   0.        ,   0.        ,   0.        ,
               0.        ,   0.        ,   0.        ,   0.        ,
               0.        ,   0.        ,   0.        ,   0.        ,
               0.        ,   0.        ,   0.        ,   0.        ,
               0.        ,   0.        ,   0.        ,   0.        ,
               0.        ,   0.        ,   0.        ,   0.        ,
               0.        ,   0.        ,   0.        ,   0.        ,
               0.        ,   0.        ,   0.        ,   0.        ,
               0.        ,   0.        ,   0.        ,   0.        ,
               0.        ,   0.        ,   0.        ,   0.        ,
               0.        ,   0.        ,   0.        ,   0.        ,
               0.        ,   0.        ,   0.        ,   0.        ,
               0.        ,   0.        ,   0.        ,   0.        ,
               0.        ,   0.        ,   0.        ,   0.        ,
               0.        ,   0.        ,   0.        ,   0.        ,
               0.        ,   0.        ,   0.        ,   0.        ,
               0.        ,   0.        ,   0.        ,   0.        ,
               0.        ,   0.        ,   0.        ,   0.        ,
               0.        ,   0.        ,   0.        ,   0.        ,
               0.        ,   0.        ,   0.        ,   0.        ,
               0.        ,   0.        ,   0.        ,  94.89114044,
               0.        ,   0.        ,   0.        ,   0.        ,
               0.        ], dtype=float64)}, 'GACC': {'backbone1_gamma_3J': DeviceArray([-0.0234196 ,  0.00017381, -0.00209506, -0.00099265,
              0.00480156,  0.00967156,  0.0022356 ], dtype=float64), 'backbone2_beta_epsilon_3J': DeviceArray([-0.00035082,  0.00513054,  0.01098451, -0.00235886,
             -0.009668  ,  0.00893283, -0.00777409, -0.00695187],            dtype=float64), 'sugar_3J': DeviceArray([-0.00712434, -0.01158513,  0.00490444,  0.00142214,
             -0.01106391, -0.00644344,  0.00591156, -0.00517122,
             -0.00328839,  0.01405596, -0.00737187, -0.00910448],            dtype=float64), 'NOEs': DeviceArray([ 1.36406981e+01, -1.09014955e+02, -2.65516236e+01,
              4.32268342e+01,  1.85496792e+02,  1.17273723e+02,
             -6.44066118e+01,  1.44230717e-01, -4.43086714e+00,
             -1.48406004e+02,  1.70884793e+02, -5.58820832e-01,
             -9.46101190e+00, -4.09155493e+01, -1.04096997e+02,
             -2.11374033e+00, -1.13934562e+01], dtype=float64), 'uNOEs': DeviceArray([0., 0., 0., 0., 0., 0., 0., 0., 0., 0., 0., 0., 0., 0., 0.,
             0., 0., 0., 0., 0., 0., 0., 0., 0., 0., 0., 0., 0., 0., 0.,
             0., 0., 0., 0., 0., 0., 0., 0., 0., 0., 0., 0., 0., 0., 0.,
             0., 0., 0., 0., 0., 0., 0., 0., 0., 0., 0., 0., 0., 0., 0.,
             0., 0., 0., 0., 0., 0., 0., 0., 0., 0., 0., 0., 0., 0., 0.,
             0., 0., 0., 0., 0., 0., 0., 0., 0., 0., 0., 0., 0., 0., 0.,
             0., 0., 0., 0., 0., 0., 0., 0., 0., 0., 0., 0., 0., 0., 0.,
             0., 0., 0., 0., 0., 0., 0., 0., 0., 0., 0., 0., 0., 0., 0.,
             0., 0., 0., 0., 0., 0., 0., 0., 0., 0., 0., 0., 0., 0., 0.,
             0., 0., 0., 0., 0., 0., 0., 0., 0., 0., 0., 0., 0., 0., 0.,
             0., 0., 0., 0., 0., 0., 0., 0., 0., 0., 0., 0., 0., 0., 0.,
             0., 0., 0., 0., 0., 0., 0., 0., 0., 0., 0., 0., 0., 0., 0.,
             0., 0., 0., 0., 0., 0., 0., 0., 0., 0., 0., 0., 0., 0., 0.,
             0., 0., 0., 0., 0., 0., 0., 0., 0., 0., 0., 0., 0., 0., 0.,
             0., 0., 0., 0., 0., 0., 0., 0., 0., 0., 0., 0., 0., 0., 0.,
             0., 0., 0., 0., 0., 0., 0., 0., 0., 0., 0., 0., 0., 0., 0.,
             0., 0., 0., 0., 0., 0., 0., 0., 0., 0., 0., 0., 0., 0., 0.,
             0., 0.], dtype=float64)}, 'UUUU': {'backbone1_gamma_3J': DeviceArray([-0.0182277 , -0.00692812, -0.00499169, -0.0070092 ,
             -0.00501161, -0.00658076], dtype=float64), 'backbone2_beta_epsilon_3J': DeviceArray([-0.00743395,  0.01928978, -0.00389572, -0.00471905,
              0.01758934,  0.00112782, -0.0121144 ,  0.00891189],            dtype=float64), 'sugar_3J': DeviceArray([-0.01124499, -0.01023253,  0.02296471, -0.01319431,
             -0.00815538,  0.00955474, -0.01399601, -0.00986021,
              0.01358825,  0.02222767], dtype=float64), 'NOEs': DeviceArray([ 37.44273734,  63.14356819, 221.16412675, -91.72417087,
             -48.51691462,  -8.74857305, -48.60933436,  -8.79383019,
              30.66756808], dtype=float64), 'uNOEs': DeviceArray([  0.        ,   0.        ,   0.        ,   0.        ,
               0.        ,   0.        ,   0.        ,   0.        ,
               0.        ,   0.        ,   0.        ,   0.        ,
               0.        ,   0.        ,   0.        ,   0.        ,
               0.        ,   0.        ,   0.        ,   0.        ,
               0.        ,   0.        ,   0.        ,   0.        ,
               0.        ,   0.        ,   0.        ,   0.        ,
               0.        ,   0.        ,   0.        ,   0.        ,
               0.        ,   0.        ,   0.        ,   0.        ,
               0.        ,   0.        ,   0.        ,   0.        ,
               0.        ,   0.        ,   0.        ,   0.        ,
               0.        ,   0.        ,   0.        ,   0.        ,
               0.        ,   0.        , 174.59741623,   0.        ,
               0.        ,   0.        ,   0.        ,   0.        ,
               0.        ,   0.        ,   0.        ,   0.        ,
               0.        ,   0.        ,   0.        ,   0.        ,
               0.        ,   0.        ,   0.        ,   0.        ,
               0.        ,   0.        ,   0.        ,   0.        ,
               0.        ,   0.        ,   0.        ,   0.        ,
               0.        ,   0.        ,   0.        ,   0.        ,
               0.        ,   0.        ,   0.        ,   0.        ,
               0.        ,   0.        ,   0.        ,   0.        ,
               0.        ,   0.        ,   0.        ,   0.        ,
               0.        ,   0.        ,   0.        ,   0.        ,
               0.        ,   0.        ,   0.        ,   0.        ,
               0.        ,   0.        ,   0.        ,   0.        ,
               0.        ,   0.        ,   0.        ,   0.        ,
               0.        ,   0.        ,   0.        ,   0.        ,
               0.        ,   0.        ,   0.        ,   0.        ,
               0.        ,   0.        ,   0.        ,   0.        ,
               0.        , 197.4289711 ,   0.        ,   0.        ,
               0.        ,   0.        ,   0.        ,   0.        ,
               0.        ,  46.48403311,   0.        ,   0.        ,
               0.        ,   0.        ,   0.        ,   0.        ,
               0.        ,   0.        , 448.54197829,   0.        ,
               0.        ,   0.        ,   0.        ,   0.        ,
               0.        ,   0.        ,   0.        ,   0.        ,
               0.        ,   0.        ,   0.        ,   0.        ,
               0.        ,   0.        ,   0.        ,   0.        ,
               0.        ,   0.        ,   0.        ,   0.        ,
               0.        ,   0.        ,   0.        ,   0.        ,
               0.        ,   0.        ,   0.        ,   0.        ,
               0.        ,   0.        ,   0.        ,   0.        ,
               0.        ,   0.        ,   0.        ,   0.        ,
               0.        ,   0.        ,   0.        ,   0.        ,
               0.        , 264.85180611,   0.        ,   0.        ,
               0.        ,   0.        ,   0.        ,   0.        ,
               0.        ,   0.        ,   0.        ,   0.        ,
               0.        ,   0.        ,   0.        ,   0.        ,
               0.        ,   0.        ,   0.        ,   0.        ,
               0.        ,   0.        ,   0.        ,   0.        ,
               0.        ,   0.        ,   0.        ,   0.        ,
             151.98302797,   0.        ,   0.        ,   0.        ,
               0.        ,   0.        ,   0.        ,   0.        ,
               0.        ,   0.        ,   0.        ,   0.        ,
               0.        ,   0.        ,   0.        ,   0.        ,
               0.        ,   0.        ,   0.        ,   0.        ,
               0.        ,   0.        ,   0.        ,   0.        ,
               0.        ,   0.        ,   0.        ,   0.        ,
               0.        ,   0.        ,   0.        ,   0.        ,
               0.        ,   0.        ,   0.        ,   0.        ,
               0.        ,   0.        ,   0.        ,   0.        ,
               0.        ,  86.12694273,   0.        ,   0.        ],            dtype=float64)}, 'UCAAUC': {'backbone1_gamma_3J': DeviceArray([ 0.00311643, -0.00748997,  0.00516808,  0.00112424,
              0.00792267, -0.00417592,  0.0055779 ,  0.00429562,
              0.00491332,  0.00944963,  0.00482936], dtype=float64), 'backbone2_beta_epsilon_3J': DeviceArray([-0.00461319, -0.02161247,  0.00532259,  0.00751895,
             -0.02189872,  0.00976555,  0.00333198, -0.01568113,
              0.00712683,  0.00534798], dtype=float64), 'sugar_3J': DeviceArray([ 0.01806385, -0.01292566,  0.0167112 , -0.01917787,
              0.02132493, -0.01476796, -0.02393936,  0.02389865,
             -0.01997922,  0.02141336,  0.01056168, -0.00585286],            dtype=float64), 'NOEs': DeviceArray([159.91409141,  17.99836616,  -7.51253197, -10.68410648,
              -0.5630068 ,  -1.33194158, -66.70945604,  43.22217255,
             -10.01757214, -19.97467838,  52.19527337, -12.72380783,
             -16.46636995, -15.02568779, -61.52958013, 105.98841147,
             -26.39224792, 405.46601967, -97.99529038, -22.21909159,
             -57.21286175, -10.20165162, -18.39791641,  -7.50435326,
             -15.05239502,  -9.08825559, -15.08641529, -21.2421572 ,
             -21.58283931, -45.75707843, -31.31108616, -44.0277826 ,
               3.6073056 , -20.10946323, -10.1144214 , -12.91924774,
             -42.12726844,  -3.93258027, -12.09242468, -52.64138614,
             -72.06072896, -49.45180147, -41.849773  , -41.53902633,
              29.03146074, -30.06975267, -17.45452073,  -2.97845977,
             -10.25533308, -63.91930168, -72.21668238, -25.63269034,
             -50.54291402, -37.28156387, -26.25964613, -11.50754538,
             -55.50034715], dtype=float64), 'uNOEs': DeviceArray([   0.        ,    0.        ,   25.33281741,    0.        ,
                0.        ,    0.        ,    0.        ,    0.        ,
               40.37697519,    0.        ,    0.        ,  260.98105946,
                0.        ,    0.        ,    0.        ,    0.        ,
                0.        ,    0.        ,    0.        ,    0.        ,
                0.        ,    0.        ,    0.        ,    0.        ,
                0.        ,    0.        ,    0.        ,    0.        ,
                0.        ,    0.        ,    0.        ,    0.        ,
                0.        ,    0.        ,    0.        ,    0.        ,
                0.        ,    0.        ,    0.        ,    0.        ,
                0.        ,    0.        ,    0.        ,    0.        ,
                0.        ,    0.        ,    0.        ,    0.        ,
                0.        ,    0.        ,    0.        ,    0.        ,
                0.        ,    0.        ,    0.        ,    0.        ,
                0.        ,    0.        ,    0.        ,    0.        ,
                0.        ,    0.        ,    0.        ,    0.        ,
                0.        ,    0.        ,    0.        ,    0.        ,
                0.        ,    0.        ,    0.        ,    0.        ,
                0.        ,    0.        ,    0.        ,    0.        ,
                0.        ,    0.        ,    0.        ,    0.        ,
                0.        ,    0.        ,    0.        ,    0.        ,
                0.        ,    0.        ,    0.        ,    0.        ,
                0.        ,    0.        ,    0.        ,    0.        ,
                0.        ,    0.        ,    0.        ,    0.        ,
                0.        ,    0.        ,    0.        ,    0.        ,
                0.        ,    0.        ,    0.        ,    0.        ,
                0.        ,    0.        ,    0.        ,    0.        ,
                0.        ,    0.        ,  170.86360979,    0.        ,
                0.        ,    0.        ,    0.        ,    0.        ,
                0.        ,    0.        ,    0.        , 1959.46316418,
                0.        ,    0.        ,    0.        ,   80.44073491,
                0.        ,    0.        ,    0.        ,    0.        ,
                0.        ,    0.        ,  108.56449965,  189.83506925,
                0.        ,    0.        ,    0.        ,    0.        ,
                0.        ,    0.        ,    0.        ,    0.        ,
                0.        ,    0.        ,    0.        ,    0.        ,
                0.        ,    0.        ,    0.        ,    0.        ,
                0.        ,    0.        ,    0.        ,    0.        ,
              207.06468144,    0.        ,    0.        ,    0.        ,
                0.        ,    0.        ,    0.        ,    0.        ,
                0.        ,    0.        ,    0.        ,    0.        ,
                0.        ,    0.        ,    0.        ,  461.48202713,
                0.        ,    0.        ,    0.        ,    0.        ,
                0.        ,    0.        ,    0.        ,    0.        ,
                0.        ,    0.        ,    0.        ,    0.        ,
                0.        ,  101.31525614,    0.        ,    0.        ,
                0.        ,    0.        ,    0.        ,    0.        ,
               50.00189264,  143.4760217 ,    0.        ,    0.        ,
                0.        ,    0.        ,    0.        ,    0.        ,
                0.        ,    0.        ,  421.59341298,    0.        ,
                0.        , 1177.93060075,    0.        ,    0.        ,
                0.        ,    0.        ,    0.        ,    0.        ,
                0.        ,    0.        ,    0.        ,    0.        ,
                0.        ,    0.        ,    0.        ,    0.        ,
                0.        ,    0.        ,    0.        ,    0.        ,
                0.        ,    0.        ,    0.        ,    0.        ,
                0.        ,    0.        ,    0.        ,    0.        ,
                0.        ,    0.        ,  188.50356916,    0.        ,
                0.        ,  358.78387923,    0.        ,    0.        ,
               38.66347256,    0.        ,    0.        ,    0.        ,
                0.        ,    0.        ,    0.        ,    0.        ,
                0.        ,    0.        ,    0.        ,    0.        ,
                0.        ,    0.        ,    0.        ,    0.        ,
                0.        ,    0.        ,    0.        ,    0.        ,
                0.        ,    0.        ,    0.        ,    0.        ,
                0.        ,    0.        ,    0.        ,    0.        ,
                0.        ,    0.        ,    0.        ,    0.        ,
                0.        ,    0.        ,    0.        ,   74.80513484,
                0.        ,    0.        ,    0.        ,    0.        ,
                0.        ,    0.        ,    0.        ,    0.        ,
                0.        ,    0.        ,    0.        ,    0.        ,
                0.        ,    0.        ,    0.        ,    0.        ,
                0.        ,    0.        ,    0.        ,    0.        ,
                0.        ,    0.        ,    0.        ,    0.        ,
                0.        ,    0.        ,    0.        ,    0.        ,
                0.        ,    0.        ,    0.        ,    0.        ,
                0.        ,    0.        ,    0.        ,    0.        ,
                0.        ,    0.        ,    0.        ,    0.        ,
                0.        ,    0.        ,    0.        ,    0.        ,
                0.        ,    0.        ,    0.        ,    0.        ,
                0.        ,    0.        ,    0.        ,    0.        ,
                0.        ,    0.        ,    0.        ,    0.        ,
                0.        ,    0.        ,   42.2480343 ,    0.        ,
                0.        ,    0.        ,    0.        ,    0.        ,
                0.        ,    0.        ,    0.        ,    0.        ,
                0.        ,    0.        ,    0.        ,    0.        ,
              531.79772547,    0.        ,    0.        ,    0.        ,
                0.        ,    0.        ,    0.        ,    0.        ,
                0.        ,    0.        ,    0.        ,    0.        ,
                0.        ,    0.        ,    0.        ,    0.        ,
                0.        ,    0.        ,    0.        ,    0.        ,
                0.        ,    0.        ,    0.        ,    0.        ,
                0.        ,    0.        ,    0.        ,    0.        ,
                0.        ,    0.        ,    0.        ,    0.        ,
                0.        ,    0.        ,    0.        ,    0.        ,
                0.        ,    0.        ,    0.        ,    0.        ,
                0.        ,    0.        ,    0.        ,    0.        ,
                0.        ,    0.        ,    0.        ,    0.        ,
              206.90500353,    0.        ,    0.        ,    0.        ,
                0.        ,    0.        ,    0.        ,    0.        ,
                0.        ,    0.        ,    0.        ,    0.        ,
                0.        ,    0.        ,    0.        ,    0.        ,
             1143.15321863,    0.        ,    0.        ,    0.        ,
                0.        ,    0.        ,    0.        ,    0.        ,
                0.        ,    0.        ,    0.        ,    0.        ,
                0.        ,    0.        ,    0.        ,    0.        ,
                0.        ,    0.        ,    0.        ,    0.        ,
                0.        ,    0.        ,    0.        ,    0.        ,
                0.        ,    0.        ,    0.        ,    0.        ,
                0.        ,    0.        ,    0.        ,    0.        ,
                0.        ,    0.        ,    0.        ,    0.        ,
                0.        ,  315.16712039,    0.        ,    0.        ,
                0.        ,    0.        ,    0.        ,    0.        ,
                0.        ,    0.        ,    0.        ,    0.        ,
                0.        ,    0.        ,    0.        ,    0.        ,
                0.        ,    0.        ,    0.        ,    0.        ,
                0.        ,    0.        ,    0.        ,    0.        ,
                0.        ,    0.        ,    0.        ,    0.        ,
                0.        ,    0.        ,    0.        ,    0.        ,
                0.        ,    0.        ,    0.        ,    0.        ,
                0.        ,    0.        ,    0.        ,    0.        ,
                0.        ,  137.26282381,    0.        ,    0.        ,
                0.        ,    0.        ,    0.        ,    0.        ,
                0.        ,    0.        ,    0.        ,    0.        ,
                0.        ,    0.        ,    0.        ,    0.        ,
                0.        ,    0.        ,    0.        ,    0.        ,
                0.        ,    0.        ,    0.        ,    0.        ,
                0.        ,    0.        ,    0.        ,    0.        ,
                0.        ,    0.        ,    0.        ,    0.        ,
                0.        ,    0.        ,    0.        ,    0.        ,
                0.        ,    0.        ,    0.        ,    0.        ,
                0.        ], dtype=float64)}}, 'minis': {'AAAA':   message: CONVERGENCE: NORM_OF_PROJECTED_GRADIENT_<=_PGTOL
  success: True
   status: 0
      fun: -0.8531906944416443
        x: [-3.684e-02  6.054e-03 ...  0.000e+00  0.000e+00]
      nit: 0
      jac: [ 4.352e-05  1.305e-04 ...  4.979e+00  5.531e+00]
     nfev: 1
     njev: 1
 hess_inv: <277x277 LbfgsInvHessProduct with dtype=float64>, 'CAAU':   message: CONVERGENCE: NORM_OF_PROJECTED_GRADIENT_<=_PGTOL
  success: True
   status: 0
      fun: -0.7084065360766978
        x: [-5.605e-02 -6.857e-03 ...  0.000e+00  0.000e+00]
      nit: 0
      jac: [ 4.164e-05  1.738e-04 ...  1.248e+02  1.299e+01]
     nfev: 1
     njev: 1
 hess_inv: <399x399 LbfgsInvHessProduct with dtype=float64>, 'CCCC':   message: CONVERGENCE: NORM_OF_PROJECTED_GRADIENT_<=_PGTOL
  success: True
   status: 0
      fun: -0.35226708210763485
        x: [ 1.463e-02 -2.894e-03 ...  0.000e+00  0.000e+00]
      nit: 0
      jac: [ 6.148e-05  9.360e-05 ...  1.362e+01  1.283e+00]
     nfev: 1
     njev: 1
 hess_inv: <269x269 LbfgsInvHessProduct with dtype=float64>, 'GACC':   message: CONVERGENCE: NORM_OF_PROJECTED_GRADIENT_<=_PGTOL
  success: True
   status: 0
      fun: -0.3029012918783466
        x: [-5.293e-02  4.426e-04 ...  0.000e+00  0.000e+00]
      nit: 0
      jac: [ 4.550e-05  3.875e-05 ...  1.418e+01  8.666e+00]
     nfev: 1
     njev: 1
 hess_inv: <301x301 LbfgsInvHessProduct with dtype=float64>, 'UUUU':   message: CONVERGENCE: NORM_OF_PROJECTED_GRADIENT_<=_PGTOL
  success: True
   status: 0
      fun: -0.71249749567092
        x: [-3.710e-02 -1.496e-02 ...  0.000e+00  0.000e+00]
      nit: 0
      jac: [ 5.858e-05  7.551e-05 ...  3.704e+00  9.283e-01]
     nfev: 1
     njev: 1
 hess_inv: <285x285 LbfgsInvHessProduct with dtype=float64>, 'UCAAUC':   message: CONVERGENCE: NORM_OF_PROJECTED_GRADIENT_<=_PGTOL
  success: True
   status: 0
      fun: -3.4532127346157924
        x: [ 7.870e-03 -1.867e-02 ...  0.000e+00  0.000e+00]
      nit: 0
      jac: [-3.027e-05  4.341e-05 ...  1.462e+01  2.739e+00]
     nfev: 1
     njev: 1
 hess_inv: <615x615 LbfgsInvHessProduct with dtype=float64>}, 'intermediates': <MDRefine.MDRefine.loss_and_minimizer.intermediates_class object at 0x7fa8286c2b30>, 'time': 2747.6520235538483, 'weights_P': {'AAAA': DeviceArray([3.09735177e-05, 3.49098266e-05, 2.80377741e-05, ...,
             4.75337096e-05, 3.42860739e-05, 3.25748912e-05],            dtype=float64), 'CAAU': DeviceArray([2.87128988e-05, 5.47967198e-05, 5.55175527e-05, ...,
             5.23246251e-06, 4.43732848e-06, 4.36685168e-06],            dtype=float64), 'CCCC': DeviceArray([3.82971821e-05, 4.34554357e-05, 1.00415407e-05, ...,
             3.10607308e-06, 7.66231449e-06, 3.29121483e-06],            dtype=float64), 'GACC': DeviceArray([2.91967734e-05, 1.15432007e-05, 2.49280578e-05, ...,
             2.92681419e-06, 2.34220058e-06, 2.95755833e-07],            dtype=float64), 'UUUU': DeviceArray([2.07843859e-05, 2.75953843e-05, 1.73928049e-05, ...,
             3.42476603e-05, 2.18465458e-05, 9.78969227e-06],            dtype=float64), 'UCAAUC': DeviceArray([3.45217536e-06, 3.29206970e-06, 2.98054804e-06, ...,
             6.14037549e-06, 1.17662708e-06, 3.57775687e-06],            dtype=float64)}, 'logZ_P': {'AAAA': DeviceArray(1.76336268, dtype=float64), 'CAAU': DeviceArray(1.14212081, dtype=float64), 'CCCC': DeviceArray(1.65704069, dtype=float64), 'GACC': DeviceArray(2.15872879, dtype=float64), 'UUUU': DeviceArray(1.41132569, dtype=float64), 'UCAAUC': DeviceArray(-0.46771892, dtype=float64)}, 'reg_ff': {'AAAA': DeviceArray(0.43498443, dtype=float64), 'CAAU': DeviceArray(0.70013238, dtype=float64), 'CCCC': DeviceArray(0.61539446, dtype=float64), 'GACC': DeviceArray(0.32307, dtype=float64), 'UUUU': DeviceArray(0.46061213, dtype=float64), 'UCAAUC': DeviceArray(1.12117525, dtype=float64)}, 'reg_fm': 2.9566149024416517, 'D_KL_alpha': {'AAAA': DeviceArray(0.30023666, dtype=float64), 'CAAU': DeviceArray(0.3248941, dtype=float64), 'CCCC': DeviceArray(0.12003911, dtype=float64), 'GACC': DeviceArray(0.05040301, dtype=float64), 'UUUU': DeviceArray(0.37692034, dtype=float64), 'UCAAUC': DeviceArray(1.03364358, dtype=float64)}, 'abs_difference': {'AAAA': DeviceArray(0.00368529, dtype=float64), 'CAAU': DeviceArray(0.00434857, dtype=float64), 'CCCC': DeviceArray(0.0019826, dtype=float64), 'GACC': DeviceArray(4.61613563e-07, dtype=float64), 'UUUU': DeviceArray(1.77449137e-05, dtype=float64), 'UCAAUC': DeviceArray(0.00021175, dtype=float64)}, 'av_g': {'AAAA': {'backbone1_gamma_3J': DeviceArray([2.31678793, 2.21668535, 1.92908042, 2.02159997, 1.96189825,
             1.91929761, 2.38398712, 1.84755897], dtype=float64), 'backbone2_beta_epsilon_3J': DeviceArray([8.26676374, 4.22186042, 1.43644945, 7.86975784, 3.78983703,
             1.43356092, 7.10881411, 1.7809326 ], dtype=float64), 'sugar_3J': DeviceArray([6.99309832, 2.07849901, 3.72025314, 7.53322867, 1.53027013,
             3.73331033, 8.00101638, 5.94161712], dtype=float64), 'NOEs': DeviceArray([1.64676350e-03, 7.45897471e-05, 5.69544599e-04,
             6.52290390e-04, 1.23035561e-04, 1.10480822e-04,
             1.11576106e-03, 1.16932692e-04, 2.28892130e-03,
             5.93958337e-04, 2.39291208e-03, 1.02418845e-03,
             1.68731116e-04, 2.08516363e-04, 9.74147176e-05,
             5.83072097e-04, 7.93663304e-05, 4.13079895e-04,
             2.08513133e-03, 2.63701826e-03, 1.72588793e-03,
             1.56424387e-04, 1.18329724e-04, 2.59466308e-04,
             5.29437602e-04, 5.89982998e-05, 1.69580633e-04,
             1.91910324e-03, 4.67728145e-04, 9.55680277e-04,
             1.71422529e-04, 1.80430069e-04, 2.19724105e-03,
             1.09626696e-04, 6.54533882e-04], dtype=float64), 'uNOEs': DeviceArray([1.99789276e-05, 1.45571307e-05, 3.96566101e-06,
             6.94341114e-05, 9.61379062e-06, 2.98735558e-05,
             1.75520424e-05, 3.38529722e-05, 3.21518550e-05,
             2.01416393e-05, 9.27955840e-06, 6.65957817e-06,
             1.02490404e-05, 2.37982337e-06, 4.32945367e-06,
             2.71052511e-05, 1.54182247e-06, 2.06975345e-06,
             1.68144737e-06, 3.59410463e-06, 3.46766281e-06,
             1.94735511e-06, 1.03844487e-06, 1.42564239e-05,
             4.06036913e-05, 1.30892574e-05, 9.06092049e-06,
             8.63449198e-06, 8.11812911e-06, 5.26622477e-06,
             7.41678902e-06, 7.20213656e-05, 3.46387653e-06,
             5.11983701e-06, 7.34657034e-06, 1.21219844e-05,
             8.21968397e-06, 8.82509421e-06, 7.06306531e-06,
             5.98389933e-06, 6.93741275e-06, 2.11591222e-06,
             3.51266962e-05, 7.26160405e-05, 2.22008774e-05,
             1.84958743e-05, 1.20292076e-05, 6.56221762e-06,
             5.57824596e-06, 5.53463329e-06, 1.30311339e-05,
             6.35473414e-06, 3.43434946e-06, 1.75231172e-06,
             1.28041668e-06, 3.54730492e-05, 6.71142571e-05,
             1.36888131e-05, 3.09956057e-06, 5.24087275e-06,
             3.72610636e-06, 7.15523857e-06, 1.93178183e-05,
             3.56549151e-06, 3.72923480e-06, 2.50980937e-05,
             1.58706282e-04, 2.60822093e-05, 1.41389926e-04,
             1.42920134e-05, 9.48533647e-06, 4.03884267e-05,
             9.98217412e-06, 1.99370715e-06, 2.72714530e-06,
             3.18932576e-06, 5.77763013e-06, 2.50579086e-06,
             9.94547088e-06, 1.44396067e-05, 6.45919685e-06,
             7.17116103e-06, 4.08929295e-06, 8.05403324e-06,
             6.33194633e-06, 4.17359347e-05, 6.63973356e-05,
             1.07517972e-05, 6.88730849e-06, 7.67801009e-06,
             3.44714695e-06, 2.54868971e-05, 6.02955831e-06,
             4.00503827e-06, 4.40018878e-05, 1.17945565e-05,
             8.57811090e-06, 4.98589392e-06, 2.59773576e-06,
             1.58876745e-05, 6.43938221e-06, 4.17637805e-06,
             3.07266111e-06, 1.17054214e-05, 1.14764505e-05,
             3.46712909e-05, 1.77500054e-05, 1.03383572e-05,
             1.36211586e-05, 4.92976088e-06, 1.92121542e-06,
             3.08364077e-05, 2.35476839e-06, 2.32205382e-06,
             1.81840087e-06, 1.25403653e-06, 7.81194733e-06,
             4.59929148e-06, 5.95889429e-06, 4.44848020e-06,
             2.45862254e-06, 4.34035207e-05, 8.04377425e-06,
             1.25614147e-05, 3.29418975e-06, 8.19719171e-06,
             6.29513163e-05, 9.51760009e-06, 1.04584120e-05,
             3.23570407e-06, 2.26734828e-06, 1.27566861e-06,
             3.63868443e-06, 9.26536568e-07, 1.44235433e-06,
             1.06379600e-06, 3.22489815e-06, 7.11393892e-06,
             1.16943390e-05, 1.94956114e-06, 4.99177376e-06,
             1.60067023e-06, 3.41944185e-06, 9.89244500e-07,
             1.02446204e-05, 6.70949201e-06, 8.18968528e-07,
             7.14558402e-07, 1.22809386e-06, 5.86472164e-06,
             6.30701976e-06, 1.23919598e-05, 8.97925541e-06,
             2.40367347e-05, 7.66270553e-05, 9.89178634e-06,
             3.68560122e-06, 3.88157010e-06, 1.45474037e-05,
             3.84531871e-05, 5.56552139e-06, 3.32414470e-06,
             2.95950583e-06, 5.13347313e-05, 4.24471456e-06,
             6.35716007e-06, 1.18822167e-05, 1.31310729e-04,
             3.25413108e-05, 1.42907891e-05, 2.39164043e-05,
             2.97919297e-06, 2.02090190e-06, 3.61704288e-06,
             1.39364775e-04, 6.40775315e-06, 6.61861847e-06,
             5.18228910e-06, 3.40150274e-05, 6.94220725e-06,
             9.28919901e-06, 3.74797717e-06, 1.13056377e-05,
             2.53987474e-05, 3.66748335e-06, 5.94337805e-06,
             4.66201552e-06, 2.10093464e-05, 8.49653589e-06,
             1.92572190e-05, 1.36433207e-04, 1.78058665e-04,
             2.86053014e-05, 7.00390236e-06, 2.82964802e-06,
             2.31094668e-05, 3.75846160e-06, 4.27010645e-06,
             2.96907309e-06, 9.36970107e-05, 1.97364342e-05,
             2.11300809e-06, 1.26863413e-06, 1.23886962e-06,
             3.81840451e-06, 1.86763724e-05, 2.38013359e-06,
             8.94760867e-06, 2.70625444e-04, 1.96543797e-05,
             1.98442899e-05, 2.47406770e-05, 3.05248305e-05,
             2.31684511e-04, 1.73683117e-04, 1.01352362e-05,
             4.03616782e-06, 1.55989172e-05], dtype=float64)}, 'CAAU': {'backbone1_gamma_3J': DeviceArray([2.55862621, 1.76300322, 2.08091953, 1.74615076, 2.01794371],            dtype=float64), 'backbone2_beta_epsilon_3J': DeviceArray([4.42982199, 8.65391616, 1.20494346, 8.05858177, 3.17543448,
             2.04160236], dtype=float64), 'sugar_3J': DeviceArray([2.01799985, 3.52159595, 8.36356368, 1.53845895, 8.05916422,
             1.36522546, 3.63384397, 8.29036832, 4.85516869, 4.1176062 ],            dtype=float64), 'NOEs': DeviceArray([6.93151909e-04, 5.23373463e-05, 9.14254428e-04,
             1.68848022e-04, 1.72159922e-03, 1.90102878e-03,
             1.65696419e-04, 6.00969616e-05, 1.94978715e-04,
             9.72900880e-05, 5.32188300e-04, 7.46197495e-05,
             9.18512204e-05, 5.90378286e-04, 9.71705446e-04,
             1.79379601e-04, 1.89295637e-04, 3.35862352e-03,
             2.35374128e-03, 2.18907125e-03, 1.31802096e-04,
             1.00188570e-04, 5.38095235e-04, 1.95969315e-04,
             1.12338936e-04, 1.42005116e-04, 5.39126218e-04,
             2.03168151e-03, 2.67094856e-03, 8.46469655e-04,
             3.18615686e-04, 1.34210598e-03, 1.34559888e-04,
             4.59854174e-05, 2.28371527e-04, 2.31202919e-04,
             9.34643376e-05, 5.50367349e-04], dtype=float64), 'uNOEs': DeviceArray([7.79414717e-06, 1.21301624e-05, 1.59909776e-05,
             2.88367690e-06, 2.85136338e-06, 1.29117519e-06,
             3.14370157e-06, 3.44826897e-06, 1.45269889e-05,
             1.97947594e-06, 8.72587440e-07, 4.44219472e-07,
             8.34499217e-06, 5.55684201e-07, 3.23452702e-07,
             3.39464063e-06, 2.67081320e-06, 2.28111234e-06,
             1.49532074e-06, 1.60684070e-06, 1.43014843e-06,
             3.77002764e-06, 2.82237255e-06, 3.66621651e-06,
             5.28782037e-07, 1.06441373e-04, 2.71432661e-06,
             5.60860153e-05, 2.33741034e-05, 1.80709518e-05,
             1.10571141e-05, 7.89314533e-06, 4.00362647e-06,
             5.09896811e-06, 2.80242467e-06, 1.05599008e-04,
             2.20097429e-04, 3.68588579e-06, 3.39571677e-06,
             4.12627763e-06, 1.04348951e-04, 4.64514955e-05,
             3.61206080e-06, 3.73987302e-05, 7.08054992e-06,
             4.88392566e-06, 1.95419287e-05, 1.78595061e-05,
             7.14388293e-06, 9.16925095e-06, 2.09437588e-05,
             2.39635420e-05, 1.64972894e-05, 2.80255165e-06,
             2.88076515e-06, 2.51112557e-06, 4.16721354e-06,
             8.97844973e-05, 2.79039085e-05, 1.86198117e-06,
             3.18013995e-05, 1.76381658e-06, 1.51954173e-06,
             8.56797918e-06, 3.94125918e-05, 6.13551436e-06,
             7.38887155e-06, 1.98993480e-05, 1.71700587e-05,
             3.52150521e-06, 5.73424806e-06, 3.29866744e-06,
             9.59874774e-06, 3.73316775e-06, 1.35390893e-06,
             1.88835464e-05, 4.27756511e-05, 1.18738184e-05,
             9.27967626e-06, 3.18190251e-05, 9.00758196e-06,
             6.64019908e-06, 1.69625584e-05, 2.07287637e-05,
             5.75114914e-06, 8.87013647e-06, 5.51580932e-06,
             1.89772182e-05, 9.47080130e-06, 3.18129599e-05,
             1.63552361e-05, 6.08883552e-06, 4.27860673e-06,
             5.27052427e-06, 2.68438023e-06, 6.41338802e-06,
             5.08283121e-06, 1.53800385e-06, 3.74985259e-06,
             1.91634793e-05, 1.04152729e-05, 2.67721582e-05,
             1.28843995e-05, 1.69239731e-05, 6.86861651e-06,
             1.47895744e-04, 9.47747095e-05, 4.84180213e-05,
             3.54319152e-05, 1.07086978e-05, 1.31312699e-05,
             4.33395294e-06, 3.04954962e-06, 4.78851287e-06,
             1.50454681e-05, 5.69369810e-06, 1.50821261e-05,
             1.07205513e-05, 3.52742930e-06, 1.00968771e-05,
             1.74937403e-06, 3.00286739e-06, 2.11044495e-06,
             2.31472276e-05, 1.06077336e-04, 2.87961886e-06,
             6.87904440e-06, 1.63899831e-06, 2.67109020e-05,
             1.06548034e-04, 2.31809162e-05, 2.37528196e-06,
             1.43032089e-05, 1.03137441e-05, 1.84546962e-05,
             9.11479236e-06, 6.80624927e-06, 7.43433471e-06,
             6.27498695e-06, 7.22781883e-06, 2.19324614e-06,
             8.54379861e-06, 1.50982674e-06, 1.68065710e-06,
             3.78292919e-06, 3.60011203e-06, 7.12565909e-06,
             1.76310713e-05, 1.50871767e-05, 4.06348341e-06,
             3.97785907e-06, 6.25052449e-06, 2.20129075e-05,
             2.88367690e-06, 3.47021401e-06, 4.21614030e-06,
             2.94897490e-06, 1.61830833e-05, 1.97309599e-06,
             1.25133411e-05, 4.71561122e-06, 3.38029889e-06,
             2.09847699e-06, 2.32408044e-05, 5.62608214e-06,
             4.29340313e-06, 2.63333618e-05, 1.99014162e-05,
             5.16087604e-05, 1.16651012e-05, 4.74142093e-06,
             3.16252682e-05, 3.31897609e-06, 3.17049382e-06,
             8.93538458e-06, 2.88819050e-06, 4.03552440e-06,
             1.56112986e-06, 4.45642258e-06, 3.16998024e-06,
             8.80406824e-06, 2.36647990e-05, 2.30110642e-04,
             2.99413703e-06, 6.62233928e-06, 7.43720867e-06,
             6.05638256e-06, 3.77650822e-06, 9.85065540e-06,
             4.59854174e-05, 1.07075187e-04, 1.05513597e-04,
             7.05220066e-06, 1.52094791e-05, 8.37824838e-06,
             1.84449769e-05, 1.50996150e-05, 2.29819269e-05,
             4.04790825e-06, 3.11164070e-06, 1.45269889e-05,
             2.18931648e-05, 2.38821173e-05, 1.44352613e-05,
             1.09338324e-05, 1.20041399e-05, 1.31596722e-05,
             1.19897983e-05, 1.25529807e-06, 9.54198688e-07,
             6.84156353e-07, 3.11317849e-06, 2.14053094e-06,
             3.05556421e-06, 2.24855275e-06, 1.27022835e-06,
             8.34611510e-07, 1.54616858e-06, 2.22144115e-05,
             5.51065615e-06, 2.84558971e-06, 4.82514995e-06,
             4.15014748e-05, 1.03367094e-04, 3.55961070e-05,
             2.05836170e-06, 1.03207216e-06, 4.32659191e-06,
             5.99624421e-06, 2.44702705e-06, 9.51511034e-06,
             2.63711705e-06, 2.66751065e-05, 2.40610896e-05,
             8.03368133e-06, 6.58746946e-06, 1.72391297e-05,
             1.43560754e-05, 2.98906733e-05, 2.03055078e-05,
             1.18250498e-05, 3.49143754e-06, 7.28521625e-05,
             6.63155579e-07, 7.04798497e-07, 1.58549103e-06,
             4.32594837e-06, 2.18472027e-06, 6.22607129e-05,
             4.77619589e-06, 1.27927446e-06, 5.31945700e-06,
             1.09393196e-05, 7.21099364e-06, 6.55379070e-06,
             3.09066759e-06, 3.81574108e-05, 3.68731726e-05,
             7.43192854e-05, 2.26345964e-04, 6.10628110e-07,
             2.15725360e-06, 3.78853990e-05, 8.42528586e-05,
             1.50524010e-04, 1.89295637e-04, 1.67749568e-04,
             4.99145762e-05, 1.32879966e-05, 6.04202551e-05,
             2.27142993e-05, 9.54408278e-05, 5.30249599e-05,
             8.71852454e-05, 3.48195786e-05, 5.21571783e-06,
             2.07775575e-05, 8.45512840e-07, 1.56047704e-04,
             4.72086059e-05, 9.94523140e-05, 6.28027765e-05,
             8.19181945e-05, 1.02891860e-04, 6.92769450e-06,
             1.92761831e-06, 6.15484159e-07, 7.55932731e-05,
             1.99954186e-05, 1.90004005e-05, 9.52172041e-05,
             5.42573554e-05, 1.62336626e-05, 3.16691765e-06,
             6.85577012e-05, 4.97003293e-05, 5.70554668e-05,
             1.20734537e-04, 3.62738954e-05, 6.91269999e-05,
             1.21945438e-04, 2.83836028e-06, 9.40436046e-07,
             2.52178576e-06, 3.72545308e-06, 1.93737297e-06,
             5.03620643e-05, 1.42019442e-04, 2.31467014e-05,
             1.98362605e-05, 6.96030665e-06, 7.01434780e-06,
             1.09228529e-05, 1.64500291e-05, 2.42400849e-05,
             2.27582155e-05, 1.02290312e-04, 8.58370348e-05,
             3.36188045e-06, 8.64372282e-05, 2.44998683e-04,
             7.80671566e-05, 1.48967997e-05, 9.99770120e-05,
             8.51097637e-05, 4.56830583e-05, 5.64771837e-06,
             5.64002239e-05, 2.55504274e-04, 3.52514724e-05,
             3.32120141e-05, 1.07841446e-04, 7.54688298e-05,
             6.36018104e-06, 7.96641049e-06, 1.12338936e-04,
             1.00852219e-04, 6.25870439e-05, 1.09909260e-05,
             9.79854487e-07], dtype=float64)}, 'CCCC': {'backbone1_gamma_3J': DeviceArray([1.94432767, 1.90049319, 1.80437443, 2.03383284, 1.80936876],            dtype=float64), 'backbone2_beta_epsilon_3J': DeviceArray([ 9.90392961,  4.38142968,  0.91607941, 10.33113837,
              9.40671368,  3.602157  ,  1.52056103], dtype=float64), 'sugar_3J': DeviceArray([1.39096845, 3.40026973, 8.71581325, 1.92385135, 3.47980358,
             1.54208699, 3.56865468, 8.46230186, 4.01537015],            dtype=float64), 'NOEs': DeviceArray([0.00015974, 0.00308411, 0.00046723, 0.00061575, 0.00052737,
             0.00019124, 0.00058391, 0.00259076, 0.00049509, 0.00019462,
             0.00061112, 0.00083163, 0.00252668, 0.00037055, 0.0001776 ,
             0.00044643, 0.00013035, 0.00043284, 0.00064734, 0.00267702,
             0.0019239 , 0.00016804, 0.00018489], dtype=float64), 'uNOEs': DeviceArray([1.43897197e-05, 4.91154542e-06, 1.71168901e-06,
             9.55472860e-07, 1.58874555e-06, 5.43723823e-07,
             4.39242497e-07, 2.96802863e-06, 1.86292185e-06,
             2.00705838e-06, 2.65135632e-06, 1.47820672e-06,
             1.16073243e-06, 6.91269353e-07, 3.35174001e-06,
             7.06456292e-06, 7.46728006e-06, 1.06647922e-04,
             1.07424941e-04, 7.30987865e-06, 1.26249649e-05,
             3.40132715e-06, 3.43654071e-06, 5.95985390e-06,
             8.75180933e-06, 5.17282803e-06, 4.89366828e-06,
             1.54703595e-06, 1.84377625e-06, 1.10738315e-06,
             3.77043922e-06, 1.18827157e-05, 3.88905358e-06,
             1.89918314e-05, 6.06965590e-05, 2.89030908e-05,
             1.40042052e-06, 3.80488258e-06, 2.51720662e-06,
             4.72484692e-06, 1.21713212e-06, 1.28637008e-06,
             7.50458147e-07, 2.00822700e-05, 9.57991418e-05,
             2.55629390e-06, 1.18868585e-06, 1.04908912e-06,
             2.42754720e-06, 1.55316028e-06, 7.54206194e-06,
             1.31747783e-05, 1.44111539e-05, 4.10260726e-06,
             3.54976266e-06, 1.53029878e-06, 1.16605577e-06,
             1.90336798e-05, 3.32547850e-05, 1.25157489e-05,
             1.36378231e-05, 1.85125157e-05, 3.70156410e-06,
             3.46310567e-06, 3.21340727e-06, 2.91829546e-05,
             5.67883597e-06, 2.64931288e-06, 1.61069048e-06,
             1.06179544e-05, 3.18957350e-06, 2.30029459e-06,
             2.88420359e-06, 1.08125851e-06, 9.72960338e-07,
             1.29039273e-06, 4.79886882e-06, 2.79235151e-06,
             4.93727204e-06, 4.68918750e-06, 2.12478751e-06,
             1.28663215e-06, 2.34907990e-05, 7.45696389e-06,
             1.22085890e-05, 5.04420735e-06, 2.15366354e-05,
             7.44203265e-05, 3.23579264e-06, 4.37453396e-06,
             8.37052855e-06, 1.57430884e-06, 3.00311186e-06,
             2.46515411e-04, 1.65845848e-05, 7.33036242e-06,
             1.71977986e-05, 2.98548161e-06, 7.15960540e-06,
             6.69836422e-06, 3.38478112e-06, 4.45717420e-06,
             1.80236137e-05, 1.86499684e-06, 6.59749965e-05,
             8.35586579e-05, 1.21830371e-05, 5.97882962e-06,
             5.08843692e-06, 1.95537478e-06, 1.82577775e-06,
             1.33663246e-06, 8.48283748e-07, 2.87917407e-06,
             3.53085046e-06, 2.23533002e-06, 5.23276709e-06,
             2.77991425e-06, 3.70805817e-05, 1.12051954e-05,
             4.38983774e-06, 5.56501676e-05, 2.42064661e-05,
             1.02687286e-05, 1.43864265e-05, 6.44053084e-05,
             7.39297242e-06, 1.58578533e-06, 1.91887408e-06,
             2.85111945e-05, 2.43372396e-04, 3.41191206e-06,
             1.07516364e-05, 6.00973444e-06, 6.44086235e-06,
             9.75994587e-06, 7.81109844e-06, 2.42168757e-06,
             3.15837543e-06, 4.92180763e-06, 1.69301902e-05,
             1.06377917e-04, 2.59198758e-04, 4.61757549e-06,
             2.67978466e-06, 1.11205544e-06, 3.54651138e-05,
             8.70998710e-06, 1.11130562e-05, 4.18461372e-06,
             4.84126485e-06, 5.94412894e-04, 4.10757862e-06,
             3.28430848e-05, 3.28908338e-05, 2.55867772e-06,
             2.00314368e-04, 1.57595393e-04, 9.49527115e-06,
             7.45167990e-05, 2.75507167e-04, 6.30605659e-06,
             1.69399140e-05, 1.56250963e-05, 3.89188950e-06,
             4.69949879e-06, 1.76126754e-06, 2.99510618e-06,
             4.47999447e-06, 1.52166892e-06, 9.26201601e-05,
             2.59178680e-06, 1.02607968e-05, 3.63221585e-06,
             1.26148156e-05, 2.67588647e-05, 6.94952577e-05,
             3.29514495e-05, 2.12638318e-05, 4.61039686e-06,
             2.45416002e-06, 1.02908480e-05, 1.61989967e-05,
             4.90836584e-05, 1.58275458e-06, 1.06984935e-05,
             1.78626058e-06, 3.56106602e-06, 1.97885728e-05,
             8.74283105e-06, 5.14491977e-05, 7.32324014e-05,
             4.22725863e-05, 1.97413303e-06, 1.00445372e-04,
             9.94896889e-07, 2.84878149e-06, 2.44095438e-06,
             1.58555390e-06, 3.12319435e-06, 6.38485667e-06,
             1.48055759e-05, 1.63844521e-05, 4.49858025e-06,
             1.76290344e-05, 4.71201143e-05, 2.49512672e-05,
             1.66134026e-05, 1.89335119e-05, 7.59953011e-06,
             1.60038033e-05, 1.44836624e-05, 4.17068412e-05,
             2.14331856e-05, 1.36925328e-05, 5.31240046e-05,
             4.03063642e-06, 4.16317341e-04, 4.30659844e-05,
             2.49531839e-04, 2.78111998e-04, 1.05445491e-04,
             4.54953502e-05, 2.84309815e-05, 3.40843045e-05],            dtype=float64)}, 'GACC': {'backbone1_gamma_3J': DeviceArray([2.63779863, 2.31459376, 1.82446487, 1.91677408, 1.90229762,
             1.81025261, 1.98728161], dtype=float64), 'backbone2_beta_epsilon_3J': DeviceArray([ 3.67047925,  1.32975607, 10.0200846 ,  3.80227386,
              1.18992162,  9.74797832,  3.74865223,  1.41735039],            dtype=float64), 'sugar_3J': DeviceArray([1.20286126, 3.42946094, 8.31106554, 1.11883572, 3.4728114 ,
             8.36043448, 1.49501936, 3.5667874 , 8.5248308 , 3.67782013,
             3.98250051, 6.43780359], dtype=float64), 'NOEs': DeviceArray([7.84559738e-04, 9.26734145e-05, 3.80161121e-04,
             4.92796913e-03, 4.26726205e-04, 7.36818829e-04,
             1.76160838e-04, 4.11934755e-03, 2.82609299e-03,
             6.03257436e-05, 4.09719988e-04, 2.50361337e-03,
             2.48773520e-03, 4.57263851e-04, 1.22353288e-04,
             1.90169557e-03, 2.17954884e-03], dtype=float64), 'uNOEs': DeviceArray([2.82629515e-06, 9.26116265e-06, 1.52145756e-06,
             1.74119210e-06, 1.17236444e-05, 1.58509958e-06,
             6.55729766e-07, 5.49181108e-07, 3.96090829e-06,
             2.32588756e-06, 2.22092560e-06, 2.27266416e-06,
             5.26847003e-06, 6.41119303e-07, 8.71986319e-07,
             4.88086995e-07, 2.88343162e-06, 8.13109331e-07,
             6.45278043e-07, 9.21651695e-06, 6.79015022e-06,
             4.03140427e-06, 4.82902960e-06, 2.27702762e-06,
             1.36113416e-05, 1.01058665e-05, 1.25578894e-06,
             1.33839290e-05, 3.32328902e-06, 1.61604832e-06,
             9.51811744e-06, 1.58089853e-06, 2.09611384e-05,
             2.25094267e-06, 9.89140420e-06, 3.83102187e-06,
             6.89123315e-06, 5.09662654e-06, 3.84222649e-06,
             5.55137346e-06, 1.49226997e-05, 5.40684078e-06,
             4.34814698e-06, 1.83898976e-06, 4.90259640e-06,
             7.05055448e-06, 1.68095166e-06, 1.41716225e-06,
             1.62898535e-06, 1.53806939e-05, 5.23699000e-06,
             2.35209052e-06, 2.94045844e-06, 2.15474061e-05,
             3.83486369e-05, 6.97417413e-06, 2.09805610e-05,
             5.42534314e-05, 5.77923704e-06, 2.66264913e-06,
             1.70613191e-06, 5.84977409e-06, 2.05854266e-06,
             4.21215827e-06, 4.99686151e-06, 1.21021626e-05,
             2.47998170e-05, 1.97426767e-05, 8.78316711e-06,
             6.43659828e-06, 1.00405734e-06, 3.93848001e-06,
             4.50642243e-06, 1.05736575e-05, 8.11986081e-06,
             3.32320433e-06, 1.90196150e-06, 1.74775405e-06,
             3.18791147e-06, 1.06398832e-04, 1.00819229e-04,
             5.28065964e-05, 1.48954978e-05, 6.76092124e-06,
             2.64376306e-06, 5.71625798e-06, 1.31842281e-05,
             8.72539338e-07, 1.44874399e-06, 2.62855166e-06,
             1.07161183e-05, 5.29990479e-06, 7.18914955e-06,
             5.12964002e-06, 6.18267534e-06, 1.49729690e-05,
             2.39606891e-06, 1.55593282e-05, 1.33435949e-06,
             2.99669518e-06, 2.45881141e-05, 5.08618617e-06,
             3.26832440e-06, 2.25264382e-06, 8.89728891e-06,
             2.07711210e-06, 7.60031510e-07, 1.75135766e-05,
             1.67000156e-05, 2.38668713e-05, 7.30863289e-05,
             3.38916719e-05, 1.35467144e-05, 2.11026582e-05,
             1.96550594e-05, 5.19074473e-06, 9.84305242e-07,
             1.84891442e-06, 1.51291274e-06, 1.91726981e-05,
             1.80989365e-05, 5.02008078e-06, 7.31413792e-06,
             5.68933601e-06, 5.04462857e-05, 2.49883261e-05,
             1.38907657e-05, 2.06203430e-05, 9.47797857e-07,
             7.88674778e-07, 2.56344211e-06, 9.52710201e-07,
             4.52595887e-06, 2.52034021e-06, 1.35079949e-06,
             6.28474338e-07, 9.76439293e-06, 2.31251113e-06,
             3.13148746e-06, 9.13913085e-05, 7.14129953e-06,
             7.76187326e-05, 4.63936511e-07, 1.08348473e-04,
             1.93911401e-06, 9.14646029e-07, 1.38225865e-06,
             2.33140241e-06, 1.92000224e-05, 1.69836934e-05,
             4.44462043e-06, 1.21975696e-05, 1.42323253e-05,
             1.32674253e-06, 3.77024044e-07, 1.13289216e-04,
             1.33020393e-06, 8.86379554e-07, 1.69696942e-06,
             5.18420680e-07, 4.73823637e-05, 1.44003550e-06,
             2.70910819e-06, 1.15626319e-06, 1.76158304e-05,
             2.01291448e-05, 2.38161884e-05, 9.77580347e-06,
             1.69105434e-05, 3.47905596e-05, 1.26874609e-05,
             3.53943440e-06, 8.37952607e-06, 1.72196000e-05,
             9.21714532e-05, 1.13267320e-04, 6.99768392e-06,
             3.72942850e-06, 6.06585559e-06, 2.14043532e-05,
             2.96179481e-06, 5.57324375e-06, 3.85080124e-05,
             1.97113505e-06, 1.62304852e-05, 2.33148068e-06,
             1.25703042e-04, 3.40814113e-05, 3.56164777e-06,
             3.16778646e-06, 1.15327218e-06, 2.43501778e-06,
             1.80240199e-06, 6.67273604e-06, 6.65888725e-05,
             2.90026744e-06, 1.28855238e-06, 8.72235512e-05,
             3.91225973e-05, 3.93501262e-06, 3.62906902e-06,
             2.01602571e-05, 1.73353415e-06, 6.80990716e-06,
             1.99507225e-05, 6.23047471e-06, 1.75365423e-05,
             6.49689122e-05, 1.48938778e-06, 1.61027136e-06,
             1.58080706e-05, 6.98652048e-06, 1.24676563e-04,
             3.31391943e-05, 4.57006444e-06, 3.26521059e-05,
             8.13144527e-05, 2.20790148e-05, 3.69624685e-06,
             7.80406989e-05, 5.60297577e-05, 4.44623668e-06,
             1.57160341e-04, 2.47883664e-06, 3.01790499e-06,
             1.31642130e-06, 1.03008224e-06, 5.06421068e-07,
             9.20032724e-06, 6.25548144e-06, 9.60776186e-06,
             1.33377927e-05, 1.66308292e-06, 1.75014517e-06,
             5.66396034e-05, 2.39816389e-06, 7.08038351e-05,
             1.67360417e-05, 2.78046968e-04, 5.87395595e-06,
             5.37865191e-05, 1.69019813e-04, 1.11892957e-06,
             2.96995568e-04, 2.15616517e-05, 7.58916966e-05,
             1.22353288e-04, 1.00176988e-06, 1.98334126e-05,
             2.91175514e-06, 1.89805447e-05, 1.50619012e-05,
             1.29771165e-05, 1.16796986e-06, 2.42573282e-06,
             3.14255854e-06, 5.25115282e-05], dtype=float64)}, 'UUUU': {'backbone1_gamma_3J': DeviceArray([2.17279017, 2.2194904 , 2.08184833, 1.9125825 , 2.08007946,
             1.94850189], dtype=float64), 'backbone2_beta_epsilon_3J': DeviceArray([7.57729665, 3.61608403, 1.67330069, 7.40457773, 3.47373278,
             2.09397659, 6.68506588, 2.74668224], dtype=float64), 'sugar_3J': DeviceArray([3.55840428, 3.84273357, 7.22483215, 4.09549749, 3.91646262,
             6.30109061, 4.02812819, 3.97384157, 6.53922706, 5.56319257],            dtype=float64), 'NOEs': DeviceArray([0.00054314, 0.00214092, 0.0002879 , 0.00025429, 0.00050363,
             0.00242493, 0.00050067, 0.00242068, 0.00024623],            dtype=float64), 'uNOEs': DeviceArray([1.06699887e-04, 8.57575658e-05, 7.16987512e-05,
             8.09334527e-06, 9.71740815e-06, 2.29953008e-05,
             6.27131121e-06, 1.09875851e-05, 1.32986272e-05,
             7.75590764e-06, 6.42166693e-06, 4.66043067e-06,
             2.90751338e-06, 3.54034431e-05, 2.15521483e-05,
             6.10214506e-06, 3.33995980e-06, 1.13470138e-05,
             1.59350164e-05, 5.28736695e-06, 2.48819834e-05,
             2.58218234e-05, 1.34853741e-05, 1.17660760e-05,
             6.17404409e-06, 1.26098280e-05, 5.20935477e-06,
             5.54992700e-06, 9.35545547e-06, 2.15373124e-05,
             1.80167259e-05, 8.39196647e-05, 6.09753900e-05,
             1.84579945e-04, 1.66560128e-05, 2.59304141e-05,
             8.36766021e-06, 3.57128496e-05, 3.72772325e-05,
             1.54451365e-04, 1.97944423e-05, 1.23145079e-05,
             3.55217668e-06, 4.70316543e-06, 3.91378112e-06,
             6.91171213e-06, 2.37428044e-06, 3.05312860e-05,
             1.94878500e-04, 3.26834312e-05, 2.54491930e-04,
             2.95032937e-05, 5.47962148e-05, 5.44994158e-06,
             3.44579981e-05, 3.18265471e-05, 2.26293823e-05,
             7.42411277e-06, 1.64973923e-05, 7.54402101e-06,
             9.88000687e-06, 2.34990910e-05, 1.89288084e-05,
             2.29458477e-05, 7.23944082e-06, 1.41052428e-05,
             1.23747312e-05, 9.92551124e-06, 1.64255185e-05,
             1.04273503e-05, 1.59550060e-04, 3.44842980e-05,
             2.24357315e-05, 1.47932463e-04, 3.83758069e-05,
             2.56009634e-05, 8.21012464e-05, 1.79770895e-05,
             1.16187336e-05, 2.97267004e-06, 4.60832526e-06,
             2.97668369e-05, 2.59369534e-05, 1.20009103e-05,
             1.20868237e-05, 3.47096981e-05, 1.95729903e-05,
             6.82065356e-05, 2.64180078e-05, 1.44872042e-05,
             1.77516320e-05, 2.45044266e-05, 2.09084660e-05,
             1.61221082e-05, 3.30442355e-05, 1.40328977e-05,
             1.26612442e-05, 1.47499114e-05, 1.68021981e-05,
             8.59824644e-06, 6.37907540e-05, 1.56358279e-05,
             4.11363711e-05, 1.91007943e-04, 1.17418838e-05,
             8.15954353e-06, 5.62044809e-06, 1.13304244e-05,
             8.19860399e-06, 4.33120887e-06, 8.40980708e-06,
             1.18286538e-05, 5.18235982e-06, 8.44837887e-06,
             4.40674037e-06, 8.95560529e-05, 2.24505091e-05,
             1.37020911e-05, 2.19785214e-05, 1.22256722e-05,
             3.11191975e-06, 2.56071861e-04, 1.48236372e-05,
             8.09396525e-06, 7.08896104e-06, 5.15848726e-05,
             2.66165888e-05, 2.66161740e-05, 1.74866727e-04,
             2.46869261e-04, 2.99637005e-05, 6.67139978e-05,
             1.96404681e-04, 9.96042394e-06, 5.14613634e-05,
             4.26935274e-05, 1.78590166e-04, 9.00716469e-05,
             2.70927957e-04, 4.55500776e-05, 1.08930470e-05,
             1.97130859e-05, 2.07086804e-05, 4.40651236e-05,
             2.60123683e-05, 1.34172954e-05, 1.68512625e-05,
             5.79861832e-05, 6.86831891e-05, 7.75993653e-05,
             1.04453549e-04, 4.99476500e-05, 6.33434363e-06,
             2.26490135e-05, 5.39488357e-05, 5.55625539e-05,
             3.25279627e-05, 1.77609867e-04, 3.51591704e-05,
             1.21517038e-05, 1.71469799e-05, 2.02791943e-04,
             1.91422151e-05, 3.13446526e-05, 4.11214824e-05,
             1.22235280e-05, 8.88488655e-06, 1.67681910e-05,
             7.70914358e-05, 1.06349148e-04, 1.66233185e-05,
             8.87102871e-05, 7.76330022e-05, 9.06528379e-06,
             1.21474309e-04, 1.85867916e-05, 1.34767785e-05,
             8.97668252e-05, 4.13340150e-04, 1.10667981e-05,
             4.02872783e-06, 1.01745001e-03, 8.04208670e-05,
             3.53696206e-04, 8.04856793e-06, 9.50434159e-06,
             3.00484966e-05, 1.95390691e-05, 6.72640246e-06,
             5.52464510e-06, 8.51576322e-06, 1.38506587e-05,
             2.07051978e-05, 6.34890770e-05, 4.45956455e-05,
             6.46758506e-05, 9.39638989e-05, 4.74315536e-05,
             6.12071191e-05, 7.15684385e-05, 4.04732839e-05,
             6.14363964e-04, 8.43556523e-05, 1.65591895e-04,
             9.51820623e-05, 2.69324014e-05, 2.20125921e-05,
             5.53069084e-05, 9.13775442e-04, 1.56684465e-04,
             3.07127182e-05, 1.28610647e-04, 3.01998597e-04,
             1.55838846e-04, 5.91150140e-06, 1.06135728e-04,
             7.99971236e-06, 4.30455452e-05, 5.51645637e-05,
             4.26878229e-05, 1.22994229e-05, 5.29548972e-06,
             9.65187889e-06, 1.65359245e-05, 4.38327824e-05,
             6.71747831e-05, 3.75833269e-05, 7.68896137e-06,
             1.51740303e-05, 7.90365648e-06, 2.45781205e-05,
             7.41833725e-05, 1.35285446e-05, 7.11351682e-06,
             2.57783224e-05, 1.46495294e-05, 7.87033054e-05,
             5.25838484e-04, 3.22371156e-05, 1.48579826e-05,
             1.58344877e-04, 9.44363621e-06, 1.12868325e-05,
             8.50989041e-06, 1.69058692e-05, 1.31874117e-05,
             5.53045786e-06, 9.38435266e-05, 2.26044954e-05,
             8.52746791e-04, 3.47188106e-05, 1.80003688e-04],            dtype=float64)}, 'UCAAUC': {'backbone1_gamma_3J': DeviceArray([2.56424854, 2.28438625, 2.26969563, 2.26753101, 2.67978238,
             3.17796354, 2.33080994, 2.13992918, 2.23215463, 2.90724408,
             2.21950795], dtype=float64), 'backbone2_beta_epsilon_3J': DeviceArray([3.51282321, 5.58089371, 3.59276655, 2.62045729, 5.43871642,
             3.95379257, 1.99590184, 6.26426137, 3.56154243, 2.296473  ],            dtype=float64), 'sugar_3J': DeviceArray([4.19080484, 4.8747024 , 3.78894837, 4.34339909, 3.47612382,
             2.40060497, 3.93438259, 3.9592012 , 4.92413731, 4.38935483,
             4.67345678, 5.92787463], dtype=float64), 'NOEs': DeviceArray([2.42372888e-03, 3.20961773e-03, 9.07914361e-04,
             1.01950593e-03, 2.74097802e-03, 3.05199044e-03,
             1.13992746e-04, 3.64385628e-04, 6.68131286e-04,
             1.85689487e-04, 5.21367822e-04, 1.19088020e-04,
             3.57698293e-04, 1.66020999e-04, 1.25307964e-04,
             5.84032345e-04, 1.06150483e-04, 6.30653691e-03,
             3.92018553e-05, 5.46234977e-04, 1.48475122e-04,
             1.19659352e-03, 1.74299171e-04, 1.81423886e-03,
             3.54112611e-04, 1.42443035e-03, 1.51813457e-04,
             1.45949365e-04, 1.16076962e-04, 1.21245743e-04,
             3.47117020e-04, 1.09713512e-04, 6.96690462e-04,
             3.36092064e-04, 9.29246716e-04, 1.79082988e-04,
             1.98329119e-04, 2.34821149e-03, 9.49270896e-04,
             4.45857098e-05, 7.60670154e-05, 8.34533234e-05,
             2.19279581e-04, 2.00283491e-04, 7.34791619e-03,
             3.41053435e-04, 2.05873973e-04, 1.99498492e-03,
             1.25177974e-03, 1.97386194e-05, 8.11300460e-05,
             3.23530644e-04, 1.46927781e-04, 1.68746300e-04,
             1.55092592e-04, 1.05979135e-03, 1.29431190e-04],            dtype=float64), 'uNOEs': DeviceArray([3.98637690e-05, 1.97674877e-05, 6.40467570e-05,
             4.80895855e-05, 5.02277400e-06, 2.63730342e-05,
             2.22304209e-05, 2.21984487e-05, 6.40921624e-05,
             2.13689522e-05, 1.65891090e-05, 6.46317889e-05,
             1.35118201e-05, 7.70537093e-06, 8.30184969e-06,
             1.26513911e-05, 1.79791234e-05, 2.97554768e-05,
             1.49051549e-06, 1.00343515e-05, 1.47495152e-05,
             4.88622687e-06, 2.95836549e-06, 2.45317994e-06,
             4.09792604e-06, 2.02917505e-06, 2.32547659e-06,
             3.14923877e-05, 3.65782033e-06, 2.53978021e-06,
             1.37786430e-05, 4.82055389e-05, 4.90822498e-06,
             1.37976066e-05, 3.29108499e-06, 1.81036162e-06,
             2.55839089e-05, 1.84601693e-05, 6.95176425e-06,
             1.19017180e-05, 9.16124808e-06, 1.21829356e-05,
             4.94031748e-06, 6.62701326e-06, 1.99412293e-05,
             1.06578471e-05, 1.64140312e-05, 3.70480155e-06,
             3.14485489e-05, 1.24201488e-05, 1.32902879e-05,
             1.35531323e-05, 3.08615424e-06, 6.91944306e-06,
             2.52225099e-06, 1.60561833e-06, 1.16614197e-05,
             1.07528340e-05, 1.25494604e-05, 4.82577462e-06,
             4.04451536e-05, 1.39456217e-05, 1.74710041e-05,
             2.08968166e-05, 4.16162225e-06, 4.79288003e-06,
             8.28686558e-06, 7.12343123e-06, 1.13606308e-05,
             1.45380133e-05, 4.51685403e-05, 6.93048358e-06,
             9.11069777e-06, 6.43713373e-06, 5.41187955e-06,
             2.75596864e-06, 1.59598724e-06, 1.41333483e-05,
             8.47405744e-06, 9.14657355e-06, 1.99333426e-05,
             8.71990850e-07, 1.50127814e-06, 1.35751926e-04,
             7.40371041e-07, 6.57567725e-07, 7.20236224e-07,
             1.19222917e-05, 2.39705825e-05, 8.97552066e-06,
             7.81467962e-06, 1.49779233e-05, 1.46182198e-05,
             1.62023618e-06, 1.28143432e-06, 2.19410069e-06,
             1.97453432e-06, 1.23476056e-06, 1.34436233e-06,
             9.33377780e-07, 1.96107094e-06, 2.32493055e-05,
             5.13843044e-06, 4.86528123e-06, 1.21111565e-06,
             1.38888305e-06, 2.66510325e-05, 1.22781273e-04,
             8.65332746e-05, 3.95049224e-05, 1.40337257e-04,
             1.52175700e-06, 3.90732963e-06, 5.31436988e-06,
             5.43251304e-06, 3.94100658e-06, 3.12044840e-06,
             1.79660385e-06, 1.89626784e-06, 3.34629922e-05,
             1.03630679e-05, 4.01941049e-06, 1.11377327e-05,
             6.41969299e-05, 3.94198296e-05, 3.13081876e-05,
             7.16495583e-06, 1.10655718e-05, 9.26692466e-06,
             6.70075020e-06, 3.24802830e-05, 6.44568290e-05,
             1.36224075e-05, 2.27605428e-05, 4.05092332e-05,
             1.33340194e-05, 5.76498023e-05, 1.68052041e-05,
             1.96814673e-05, 3.80541530e-05, 1.41060195e-05,
             7.49241668e-06, 8.34463801e-06, 2.13205062e-05,
             3.88839483e-05, 4.84190360e-05, 5.50406272e-05,
             8.15973386e-06, 6.18430481e-05, 5.34200612e-05,
             3.01782924e-05, 1.55198078e-05, 2.56165494e-04,
             6.74778001e-06, 6.01951467e-06, 1.28659468e-05,
             3.69361587e-06, 3.12228202e-06, 3.31634832e-06,
             1.11237507e-04, 4.81895134e-05, 1.40330179e-05,
             1.68888375e-05, 1.27992315e-04, 1.37207549e-04,
             4.23277317e-05, 1.08238284e-04, 1.44844308e-04,
             9.87751908e-05, 5.41662753e-06, 1.67379513e-06,
             2.28729325e-06, 1.06631744e-05, 5.21880094e-05,
             1.28301243e-05, 2.16164785e-05, 1.83648367e-05,
             3.94851948e-05, 1.21170562e-05, 2.91363146e-05,
             1.33053742e-05, 3.24717633e-05, 2.91476922e-05,
             9.63543326e-06, 4.15686666e-06, 2.57678869e-05,
             2.05260520e-05, 3.95059577e-05, 6.40975502e-05,
             6.43598788e-05, 4.78046372e-05, 2.33807285e-05,
             4.56464954e-06, 1.39608950e-05, 3.04441086e-05,
             1.53947397e-05, 4.80385465e-06, 4.80385465e-06,
             3.26173240e-05, 3.33857446e-06, 1.37606759e-05,
             6.69329957e-05, 2.67226209e-05, 2.98576946e-05,
             2.79639759e-05, 1.34207365e-05, 3.26191300e-05,
             2.48768351e-05, 6.77299107e-06, 9.43444048e-06,
             4.44115262e-06, 6.21605143e-05, 5.94150930e-06,
             3.78452876e-05, 2.13977265e-05, 2.43125948e-05,
             1.09503261e-05, 5.87451480e-05, 2.83168891e-05,
             7.73131065e-06, 2.15675263e-06, 1.44524946e-06,
             1.22542619e-06, 2.00650575e-04, 6.78360856e-06,
             2.07950755e-05, 1.10138744e-05, 1.61295889e-05,
             1.54975180e-05, 5.97382600e-06, 1.40727375e-04,
             2.28491400e-05, 6.14026554e-06, 1.43389170e-04,
             4.43736922e-06, 2.72825110e-06, 1.38377047e-04,
             2.10802665e-05, 7.81200686e-06, 6.05999504e-06,
             6.35667811e-06, 6.24894245e-06, 7.41958070e-06,
             3.33991212e-05, 1.77898150e-05, 2.08164849e-05,
             1.45368397e-05, 5.26564720e-06, 9.55888904e-07,
             7.97197155e-06, 7.15694746e-06, 1.98649637e-05,
             3.05059176e-06, 1.44863745e-05, 7.46222093e-06,
             3.41762422e-05, 2.14510439e-05, 2.59285106e-06,
             1.91452236e-06, 4.99118909e-06, 2.11751399e-06,
             4.38777797e-06, 1.00576987e-05, 1.59634514e-06,
             2.62390194e-05, 1.71590531e-05, 3.68752682e-06,
             2.31691345e-06, 1.03880525e-05, 1.31304133e-05,
             2.75347103e-05, 1.39010163e-04, 5.45741164e-05,
             2.00794419e-05, 3.16344603e-06, 2.91897010e-06,
             1.18945801e-05, 3.31540146e-06, 3.02372721e-06,
             1.49098671e-06, 1.42027211e-05, 6.31721915e-06,
             1.01413580e-05, 2.62621317e-06, 2.10909404e-06,
             1.21484517e-05, 7.25339359e-06, 1.78632329e-06,
             5.28244025e-06, 9.75673915e-06, 9.99530263e-06,
             1.66053180e-05, 2.17793479e-05, 1.79831323e-05,
             5.14681516e-05, 3.17032231e-05, 4.51442226e-05,
             1.74911643e-06, 2.97128659e-05, 2.28457821e-05,
             4.31814134e-06, 1.40047206e-05, 6.50079484e-06,
             1.12863254e-05, 5.04283468e-06, 3.26069509e-05,
             1.24902482e-05, 1.02323923e-05, 9.56681942e-06,
             9.01267036e-06, 1.25685477e-05, 4.34220315e-06,
             9.78690879e-06, 1.61740727e-05, 5.19439251e-05,
             5.77494034e-05, 2.68906124e-05, 4.96469426e-06,
             1.17563145e-06, 1.14942294e-05, 4.10135792e-06,
             2.41161979e-06, 4.79895790e-06, 5.26159208e-06,
             4.48145178e-06, 3.34162997e-06, 2.77245174e-06,
             1.28731783e-05, 7.60157597e-05, 8.29816814e-06,
             6.40995343e-05, 3.54410940e-05, 3.42013218e-05,
             1.72033154e-05, 1.44236494e-05, 2.88122157e-05,
             3.32101336e-06, 2.69672291e-06, 3.54958598e-05,
             9.31424922e-07, 4.01050634e-06, 2.59620035e-06,
             8.22014475e-06, 3.35561038e-06, 6.53219975e-05,
             1.02287417e-04, 1.88747729e-05, 5.89904363e-05,
             1.31306373e-04, 7.47041911e-05, 3.94627145e-06,
             1.48130589e-06, 2.29469326e-06, 1.19207522e-06,
             1.86852187e-06, 4.35064577e-06, 3.17683289e-05,
             6.06742341e-06, 9.42216278e-06, 1.44706143e-05,
             2.07961155e-05, 6.21829632e-06, 1.97886902e-06,
             9.47982502e-07, 6.13429264e-05, 4.97441110e-06,
             5.72701699e-06, 7.24924686e-06, 5.57686147e-06,
             7.89794039e-06, 1.02590281e-05, 3.38181703e-06,
             1.17442028e-06, 2.24377240e-05, 3.00954493e-06,
             1.83911049e-06, 3.66155874e-05, 7.13573657e-05,
             5.36965906e-05, 3.62196438e-05, 9.06059136e-05,
             4.21956796e-05, 1.34428723e-05, 6.15504505e-05,
             9.52552061e-05, 2.18505464e-05, 9.84640611e-06,
             3.19267923e-05, 3.34999117e-05, 9.97036555e-06,
             9.48437283e-06, 5.53834086e-06, 2.56341183e-04,
             9.82584124e-05, 7.86945201e-06, 1.04316654e-04,
             1.65365935e-06, 2.51565122e-06, 6.77050391e-06,
             1.06559659e-05, 1.06104532e-05, 3.42061112e-05,
             6.36841614e-05, 6.37853469e-05, 1.20962166e-05,
             2.15721321e-05, 7.32158155e-05, 5.47491694e-05,
             3.12629010e-04, 3.69974255e-05, 2.94976806e-05,
             5.61545632e-06, 3.36307689e-05, 1.52184340e-05,
             2.87843771e-06, 3.68995003e-06, 2.31203463e-05,
             6.08490519e-05, 2.24201626e-05, 6.83955530e-05,
             1.15388417e-05, 1.82785558e-04, 1.58657179e-04,
             4.00462613e-05, 1.38388355e-05, 2.87099504e-05,
             1.76574954e-05, 8.31744028e-06, 2.06497983e-06,
             2.09587989e-05, 5.99164542e-06, 8.77311446e-06,
             2.48628703e-05, 1.66980152e-04, 8.71222464e-06,
             1.01401789e-05, 8.95898446e-06, 1.82868422e-05,
             1.04082195e-05, 1.35300932e-06, 6.47650669e-05,
             6.78237913e-06, 2.69342551e-06, 8.94357974e-06,
             7.79130407e-06, 2.62930113e-04, 1.21843016e-05,
             1.14892750e-04, 1.89395254e-05, 1.93580854e-05,
             4.52694044e-06, 1.69503355e-06, 9.86872691e-06,
             4.18784308e-06, 1.87751873e-06, 1.69615580e-04,
             2.69707529e-05, 2.11932892e-05, 5.23746243e-05,
             2.39335028e-05, 4.44047083e-06, 1.53433480e-06,
             6.08660132e-06, 1.41157400e-06, 6.30762042e-07,
             3.59805716e-06, 3.31078824e-05, 5.33462979e-05,
             1.82583989e-05, 1.66520887e-05, 7.86318972e-05,
             5.05080342e-05, 2.67242773e-05, 5.69443337e-05,
             2.06542399e-05, 8.51883933e-06, 6.02676640e-06,
             3.04716824e-05, 2.38712200e-06, 3.15203611e-06,
             2.89168885e-06, 1.67112157e-05, 1.11911379e-05,
             9.60515872e-06, 2.09581345e-05, 9.00378376e-04,
             2.37947150e-06, 3.14310650e-06, 9.66300554e-05,
             4.92584568e-06, 1.29452233e-05, 1.90046523e-04,
             1.17180104e-05, 6.09318098e-06, 2.13229627e-05,
             3.46708940e-05, 8.59134508e-05, 4.65661038e-06,
             9.39164160e-07, 4.65017886e-06, 2.81724319e-04,
             3.78074058e-05, 4.98174982e-05, 6.75623707e-06,
             5.63503962e-05, 4.77695249e-05, 1.99710750e-05,
             7.68168042e-06, 4.82948790e-06, 1.30006414e-05,
             2.24768051e-05, 1.71566395e-06, 1.35420681e-05,
             6.35558900e-06, 3.58332061e-06, 8.37152210e-05,
             1.09657130e-04, 1.41658903e-05, 9.96425927e-06,
             5.75939670e-06, 9.68224239e-05, 2.36863021e-05,
             5.60701530e-06, 7.25800682e-06, 2.58018406e-05],            dtype=float64)}}, 'chi2': {'AAAA': {'backbone1_gamma_3J': DeviceArray(1.54409584, dtype=float64), 'backbone2_beta_epsilon_3J': DeviceArray(1.80157674, dtype=float64), 'sugar_3J': DeviceArray(1.44881742, dtype=float64), 'NOEs': DeviceArray(36.30413338, dtype=float64), 'uNOEs': DeviceArray(0.09151709, dtype=float64)}, 'CAAU': {'backbone1_gamma_3J': DeviceArray(1.23322053, dtype=float64), 'backbone2_beta_epsilon_3J': DeviceArray(1.71100263, dtype=float64), 'sugar_3J': DeviceArray(1.90966277, dtype=float64), 'NOEs': DeviceArray(23.16750803, dtype=float64), 'uNOEs': DeviceArray(0.54910231, dtype=float64)}, 'CCCC': {'backbone1_gamma_3J': DeviceArray(0.77657928, dtype=float64), 'backbone2_beta_epsilon_3J': DeviceArray(1.30132423, dtype=float64), 'sugar_3J': DeviceArray(1.86205893, dtype=float64), 'NOEs': DeviceArray(13.31568542, dtype=float64), 'uNOEs': DeviceArray(0.04299407, dtype=float64)}, 'GACC': {'backbone1_gamma_3J': DeviceArray(2.10738373, dtype=float64), 'backbone2_beta_epsilon_3J': DeviceArray(1.35584271, dtype=float64), 'sugar_3J': DeviceArray(2.44016527, dtype=float64), 'NOEs': DeviceArray(12.90029877, dtype=float64), 'uNOEs': DeviceArray(0., dtype=float64)}, 'UUUU': {'backbone1_gamma_3J': DeviceArray(1.63100214, dtype=float64), 'backbone2_beta_epsilon_3J': DeviceArray(3.12485502, dtype=float64), 'sugar_3J': DeviceArray(6.43579044, dtype=float64), 'NOEs': DeviceArray(9.75849364, dtype=float64), 'uNOEs': DeviceArray(4.04402026, dtype=float64)}, 'UCAAUC': {'backbone1_gamma_3J': DeviceArray(1.99831677, dtype=float64), 'backbone2_beta_epsilon_3J': DeviceArray(8.23276978, dtype=float64), 'sugar_3J': DeviceArray(21.96824697, dtype=float64), 'NOEs': DeviceArray(143.53668652, dtype=float64), 'uNOEs': DeviceArray(4.45164426, dtype=float64)}}, 'logZ_new': {'AAAA': DeviceArray(-2.35057878, dtype=float64), 'CAAU': DeviceArray(-1.65974041, dtype=float64), 'CCCC': DeviceArray(-0.76411027, dtype=float64), 'GACC': DeviceArray(-0.30708716, dtype=float64), 'UUUU': DeviceArray(-1.25350607, dtype=float64), 'UCAAUC': DeviceArray(-5.03389484, dtype=float64)}, 'weights_new': {'AAAA': DeviceArray([4.66156988e-05, 2.22295392e-05, 2.61935927e-05, ...,
             1.53779640e-04, 5.05464938e-05, 4.63964329e-05],            dtype=float64), 'CAAU': DeviceArray([1.77985802e-05, 1.03089897e-04, 3.59768737e-05, ...,
             7.72676957e-06, 2.86179451e-07, 2.02699472e-07],            dtype=float64), 'CCCC': DeviceArray([2.41108166e-05, 6.07963693e-05, 9.01611855e-06, ...,
             3.60544999e-06, 9.36208266e-06, 7.15128243e-06],            dtype=float64), 'GACC': DeviceArray([2.91567733e-05, 9.79495669e-06, 2.14837421e-05, ...,
             3.48956809e-06, 2.63406512e-06, 5.28804337e-07],            dtype=float64), 'UUUU': DeviceArray([2.95611413e-07, 1.35324020e-06, 3.98931301e-06, ...,
             2.95149508e-05, 5.71515583e-05, 5.05456042e-06],            dtype=float64), 'UCAAUC': DeviceArray([2.99762243e-05, 4.20051821e-05, 6.06947008e-06, ...,
             2.71610146e-07, 9.97857346e-07, 5.80293115e-07],            dtype=float64)}, 'optimal_hyperpars': {'alpha': 37.23696693613653, 'beta': 1.8861047844726349, 'gamma': 0.3506074473535259}, 'hyper_minimization':       message: CONVERGENCE: REL_REDUCTION_OF_F_<=_FACTR*EPSMCH
      success: True
       status: 0
          fun: 573.0378603148631
            x: [ 1.571e+00  2.756e-01 -4.552e-01]
          nit: 8
          jac: [-1.787e+02 -1.025e+02  8.891e+00]
         nfev: 9
         njev: 9
     hess_inv: <3x3 LbfgsInvHessProduct with dtype=float64>
 intermediate: <MDRefine.MDRefine.hyperminimizer.hyper_minimizer.<locals>.hyper_intermediate_class object at 0x7fa8c454fa00>}
