,av_chi2,av_gradient alpha,log10_hyperpars alpha,av_gradient beta,log10_hyperpars beta,av_gradient gamma,log10_hyperpars gamma
0,1492264.6397171903,-131752.25046120698,0.0,4309.731730115667,0.0,8201.9839278288,0.0
1,6048.930741980592,-1827.7539043181307,0.9975364099165489,-2654.318167518822,-0.03263029134389509,363.72992667936285,-0.06209971801558419
2,5961.701209672323,-2436.7219361734033,1.0120107364446431,-2661.5254930860647,-0.012005107793600922,354.1807269279536,-0.0649438002443211
3,5521.062439117483,-4236.963741696947,1.06990804255702,-2647.0687942580707,0.07049562640757576,297.18995632326477,-0.07632012915926874
4,3515.3020758784814,-4529.681650440005,1.3014972670065275,-1997.3895977758957,0.40049856321228244,89.55985855487592,-0.12182544481905928
5,1356.0179370420833,-792.2767015027448,2.2278541648045573,522.4854460932437,1.7205103104311092,-3.889770896099898,-0.30384670745822145
6,1296.2057449974957,302.9328805706615,2.4085296682103805,-625.5562000471618,1.679429150821452,-1.1335875364742698,-0.3072271418587583
7,1256.8545668410181,-139.19347848604684,2.4749709001645805,-88.05143529665014,1.8128410799396346,-1.4601273258528074,-0.32158757030801477
8,1219.6448812844633,-221.53226957728396,2.67967722483663,83.95814052347973,2.02022853034171,-0.9603791376010791,-0.34807513477489543
9,1235.2164293767282,-526.7912527034722,3.0678948891886937,863.7061555452246,2.3684602136407733,-0.43528364185809254,-0.3922115127900644
10,1206.8023483897175,-324.51819706970764,2.8355392572468134,352.2057467473338,2.1600369494130014,-0.6730700458971338,-0.36579505381090777
11,1197.9071679056829,-125.64407145946575,2.9252543810950113,137.2062743693021,2.1994326764802534,-0.4390126156517452,-0.37137747217084377
12,1197.2243185127106,4.202814673313355,2.9800794310525527,-7.59523335236342,2.222865887574109,-0.3132516139650179,-0.3746848135213628
13,1196.9573039680804,-0.9830926841985047,2.9822189311321354,2.20910765228532,2.2251535052323206,-0.31701386703145285,-0.3749375564557659
14,1196.9668569553498,2.8526354767340765,2.9813854850480737,-5.65079306508913,2.2244036203437614,-0.3074585792686746,-0.37482144758925817
15,1196.717908044148,0.6312029119541421,2.982205996958287,-1.0255699688417281,2.2251418678370523,-0.296927060728438,-0.3749357545728445
16,1197.3551955910734,-2.00426813255026,2.982045976321773,2.182413512443668,2.225063086974752,-0.2819476004743832,-0.374923105998835
17,1197.5080611438907,-0.15353711112989005,2.9822059959552707,-0.37070729162074945,2.2251418673432504,-0.3047906225657653,-0.3749357544935627
18,1196.717908044148,0.6312029119541421,2.982205996958287,-1.0255699688417281,2.2251418678370523,-0.296927060728438,-0.3749357545728445
19,1197.7692477789165,-0.436285109464734,2.982205996456779,0.32849857484699785,2.225141867590151,-0.31007434714092763,-0.3749357545332036
20,1196.717908044148,0.6312029119541421,2.982205996958287,-1.0255699688417281,2.2251418678370523,-0.296927060728438,-0.3749357545728445
21,1196.4939308128344,-0.08977391440132579,2.982205996707533,-0.900691209289056,2.2251418677136017,-0.2926351937797724,-0.374935754553024
22,1197.8615255873262,-1.2386127516643002,2.9822059969013717,1.3338616740810865,2.225141867809032,-0.3198707776357987,-0.3749357545683457
23,1196.4939308128344,-0.08977391440132579,2.982205996707533,-0.900691209289056,2.2251418677136017,-0.2926351937797724,-0.374935754553024
24,1198.1679940656413,-3.917928028144729,2.9822059968044523,4.795174837114087,2.225141867761317,-0.31387643779030777,-0.3749357545606849
25,1196.4939308128344,-0.08977391440132579,2.982205996707533,-0.900691209289056,2.2251418677136017,-0.2926351937797724,-0.374935754553024
26,1197.6842248458684,-2.0630226954581077,2.9822059967559924,3.4884484235825397,2.2251418677374595,-0.3188670173746904,-0.37493575455685446
27,1196.4939308128344,-0.08977391440132579,2.982205996707533,-0.900691209289056,2.2251418677136017,-0.2926351937797724,-0.374935754553024
28,1198.4658431175026,-3.022925814583664,2.982205996731763,3.451009298681558,2.2251418677255304,-0.3124396327372253,-0.37493575455493927
29,1196.4939308128344,-0.08977391440132579,2.982205996707533,-0.900691209289056,2.2251418677136017,-0.2926351937797724,-0.374935754553024
30,1195.6012683627455,0.5841981333780268,2.9822063077500056,0.2040748224684478,2.2251436540072618,-0.32188020103245485,-0.3749355084185179
31,1198.3759327059777,-2.342955772034043,2.9822062489886396,2.408317565805305,2.2251432882887805,-0.2904201377489041,-0.3749347087847288
32,1197.2249632352875,-1.0693019641103774,2.9822063077500043,1.167798029804891,2.225143654007254,-0.32385247905274694,-0.3749355084185003
33,1195.6012683627455,0.5841981333780268,2.9822063077500056,0.2040748224684478,2.2251436540072618,-0.32188020103245485,-0.3749355084185179
34,1197.1350572588588,1.064043981460509,2.982206307750005,-2.768779733516576,2.2251436540072578,-0.2918082072027872,-0.37493550841850914
35,1195.6012683627455,0.5841981333780268,2.9822063077500056,0.2040748224684478,2.2251436540072618,-0.32188020103245485,-0.3749355084185179
36,1198.5243225150514,-0.9383156246460885,2.982206307750005,0.12894577731627238,2.2251436540072596,-0.29547101500355333,-0.37493550841851353
37,1195.6012683627455,0.5841981333780268,2.9822063077500056,0.2040748224684478,2.2251436540072618,-0.32188020103245485,-0.3749355084185179
38,1196.534233195715,0.1739342216967316,2.9822063077500056,-1.5226537067448391,2.225143654007261,-0.3086664565820385,-0.3749355084185157
39,1195.6012683627455,0.5841981333780268,2.9822063077500056,0.2040748224684478,2.2251436540072618,-0.32188020103245485,-0.3749355084185179
40,1196.3684776139555,-0.1718068858238212,2.9822063077500056,-1.02577133634544,2.2251436540072613,-0.3162266241078939,-0.3749355084185168
41,1195.6012683627455,0.5841981333780268,2.9822063077500056,0.2040748224684478,2.2251436540072618,-0.32188020103245485,-0.3749355084185179
42,1195.5910124699585,1.7463398056062944,2.9822063077500056,-1.9519444449011645,2.2251436540072613,-0.30372236249129586,-0.37493550841851736
43,1195.9164120391656,3.8620339129696735,2.9822063077500056,-4.850451972167995,2.2251436540072618,-0.3117547694224908,-0.37493550841851764
44,1195.5910124699585,1.7463398056062944,2.9822063077500056,-1.9519444449011645,2.2251436540072613,-0.30372236249129586,-0.37493550841851736
