,av_chi2,av_gradient alpha,log10_hyperpars alpha,av_gradient gamma,log10_hyperpars gamma
0,10811.34562581122,-14311.492721394625,0.0,913.48903342725,0.0
1,3574.847999880421,-487.1291567514555,0.9979691294177854,10.952298948733812,-0.06369942487265927
2,3556.1388024350354,-418.7373662685239,1.0331367372583986,13.755926657973802,-0.06443924975556514
3,3506.0710335647486,-53.23660528666119,1.2494400909164083,12.456350631514454,-0.08484323633833148
4,3503.2063544473367,-13.920658923137763,1.281604354315714,11.482696041299072,-0.09511791276280802
5,3504.4028679656267,1.5462073074550746,1.295649356580485,11.156139771168608,-0.10902034902654657
6,3504.00408531343,-14.516571477280605,1.2821908139222735,11.60506222231347,-0.09569841941903706
7,3505.463573371973,-18.40421344609274,1.281606143335428,11.634311424362727,-0.09511968362279645
8,3505.024748170048,-15.969875337001396,1.2816043543216897,11.512855143378436,-0.0951179127687231
9,3503.2063544473367,-13.920658923137763,1.281604354315714,11.482696041299072,-0.09511791276280802
10,3503.857081601579,-14.69902379064929,1.281604354318702,11.628605252849013,-0.09511791276576556
11,3503.2063544473367,-13.920658923137763,1.281604354315714,11.482696041299072,-0.09511791276280802
12,3504.272272410327,-15.521622353595081,1.281604354317208,11.861095554740434,-0.0951179127642868
13,3503.2063544473367,-13.920658923137763,1.281604354315714,11.482696041299072,-0.09511791276280802
14,3503.918396036696,-14.3551384363215,1.281604354316461,12.0705805657208,-0.0951179127635474
15,3503.2063544473367,-13.920658923137763,1.281604354315714,11.482696041299072,-0.09511791276280802
16,3503.8504844332597,-14.377428629566475,1.2816043543160875,11.997126300216642,-0.09511791276317771
17,3503.2063544473367,-13.920658923137763,1.281604354315714,11.482696041299072,-0.09511791276280802
18,3503.026023971598,-13.920658923137763,1.2816043543159008,11.482696041299072,-0.09511791276299288
19,31659.28625434444,3.591124856865318e-06,15.202263277453477,3.346932163134198e-13,-11.57781395406188
20,3504.3600838090642,2.166252298479367,1.3082831365971836,10.288596895089961,-0.11712436729786826
21,3502.094885224246,-9.137514321673303,1.283430083183147,11.997299369927312,-0.09662389676502466
22,3504.746174762653,-0.7035499553253204,1.2923745204722863,10.08674003444235,-0.11223237010995561
23,3502.241611500885,-9.136478432660828,1.2835712817684957,11.393259952092258,-0.09687029508886665
24,3504.74797278622,-14.309734629525407,1.2834307484365244,11.772493012424352,-0.09662505766417025
25,3503.7310942269223,-11.739232895428632,1.283430083183983,11.127731652326814,-0.09662389676648367
26,3502.094885224246,-9.137514321673303,1.283430083183147,11.997299369927312,-0.09662389676502466
27,3504.446690500413,-11.298376088125815,1.2834300831835652,12.275002427812534,-0.09662389676575416
28,3502.094885224246,-9.137514321673303,1.283430083183147,11.997299369927312,-0.09662389676502466
29,3504.2749375673725,-13.027081771865666,1.283430083183356,11.076899057882065,-0.0966238967653894
30,3502.094885224246,-9.137514321673303,1.283430083183147,11.997299369927312,-0.09662389676502466
31,3503.1056849625365,-11.091042102736402,1.2834300831832517,11.607083341534995,-0.09662389676520704
32,3502.094885224246,-9.137514321673303,1.283430083183147,11.997299369927312,-0.09662389676502466
33,3503.2232196465175,-11.971457535004948,1.2834300831831993,11.43158219718546,-0.09662389676511585
34,3502.094885224246,-9.137514321673303,1.283430083183147,11.997299369927312,-0.09662389676502466
35,3503.4085518196425,-10.03222183111991,1.2834300831831733,11.487550485356978,-0.09662389676507024
36,3502.094885224246,-9.137514321673303,1.283430083183147,11.997299369927312,-0.09662389676502466
37,31650.498175155328,0.21746657406183,10.42094440485645,-3.661882309477324e-10,-12.093923266692336
38,3503.946455923008,2.878334553148716,1.2956855206011704,10.32840790353775,-0.112714941488718
39,3502.7531228997686,-10.651308019330987,1.2837344312879513,12.326806205047689,-0.09702349726877918
40,3505.4466446736947,-14.646285470369072,1.2834306612169541,11.188131126828546,-0.09662465570715989
41,3504.0688492558693,-15.386950885361557,1.2834300831835606,11.845151969337543,-0.0966238967655676
42,3502.094885224246,-9.137514321673303,1.283430083183147,11.997299369927312,-0.09662389676502466
43,3504.3954473057997,-14.266647237148232,1.2834300831833538,11.413212166240156,-0.09662389676529613
44,3502.094885224246,-9.137514321673303,1.283430083183147,11.997299369927312,-0.09662389676502466
45,3503.8131734702274,-12.973572396149326,1.2834300831832506,11.718209605410129,-0.0966238967651604
46,3502.094885224246,-9.137514321673303,1.283430083183147,11.997299369927312,-0.09662389676502466
47,3504.768206178451,-13.48739883920939,1.2834300831831988,11.19819202568494,-0.09662389676509252
48,3502.094885224246,-9.137514321673303,1.283430083183147,11.997299369927312,-0.09662389676502466
49,3503.04818305276,-10.105133941311443,1.2834300831831729,11.70125899199146,-0.09662389676505859
50,3502.094885224246,-9.137514321673303,1.283430083183147,11.997299369927312,-0.09662389676502466
51,3504.4531335770525,-9.137514321673303,1.28343008318316,11.997299369927312,-0.09662389676504163
