,av_chi2,av_gradient logalpha,log10_hyperpars alpha,av_gradient logbeta,log10_hyperpars beta,av_gradient loggamma,log10_hyperpars gamma
0,25115.32290920635,-2726.750426070233,0.0,3.9269795817993414,0.0,-427.84717529033776,0.0
1,546.8990741066839,-1488.239094426472,0.9879117797404158,-4.46433721110905,-0.001422759248726248,611.2154298669514,0.15501061643076108
2,586.6587551492582,67.44061079396252,2.6307083055894798,1.4258972467670836,0.003189321376811844,5.180966655573192,-0.47929737225708147
3,462.19806113312404,140.88665265670986,1.5306202431191445,0.7669680210415912,0.00010087143217680779,21.00479693456872,-0.054537132443197356
4,455.7742225918415,138.41059182807066,1.485175437656052,1.0131385405089488,-0.00016285428038674711,20.81309687938362,-0.05788617892560192
5,432.9194065135568,96.3774396628889,1.303396215803682,4.604560880119459,-0.0012177571306409667,22.215136528359757,-0.07128236485522016
6,1572.181259338603,-24041.551987408347,0.7947960316070979,-959.9193167761796,-0.07086753073406998,2154.9676751477073,-0.1479279125004727
7,428.01576428815304,-77.31708166471057,1.1482526500549153,22.154221527831815,-0.02246374674328664,36.215510172409644,-0.09466234765887431
8,426.06445560972725,18.005648286006846,1.208529861273777,11.520059670242693,-0.029548057145691108,26.48281589421314,-0.10064024412496245
9,425.4332127263242,5.469453758232032,1.196764731996429,12.702000810979724,-0.04248812377632224,26.487543407858787,-0.11486759158086014
10,421.6071322692554,-45.04991815203406,1.1371203778790093,17.605585515495058,-0.16224945366436752,22.51675408033718,-0.24206598490289716
11,417.6855076465887,-69.38325962125384,1.088705444441392,18.424169578640107,-0.3401419512687982,20.895136240311423,-0.42137766543941263
12,415.29469805056294,-540.3065051832147,0.9598639025147979,-1.1004239446621709,-1.0060684175214876,-118.72540011334088,-1.0843262168915127
13,415.6973479580133,-68.6649439829599,1.0753885590075336,17.26805805385281,-0.40897119939681037,24.044378209934273,-0.4898991203693751
14,400.5040266856349,-135.5873380629741,1.0005914399457085,5.536994629488801,-0.795565309013266,46.35732929722592,-0.874764444032442
15,400.5869284292842,-188.6737471940206,0.9915265098612824,4.311793170704908,-0.8424180303303455,32.60017316931324,-0.921407647603451
16,433.65050263878993,1639.2912215520755,0.9951098202796395,-320.40823822961045,-1.1552180342274914,-704.0977799210006,-1.2507731789984966
17,398.92569857513814,-269.4392713267371,0.9928101468979961,-1.3933766010542912,-0.9544713059911912,-28.351645618132938,-1.0393951355279252
18,396.3509497079603,35.4996840005847,1.1924563383037343,-5.960978084978959,-1.1207382338196048,-6.5005017190521075,-1.2366089160001388
19,392.72651569780027,58.395182926206985,1.158294069057237,-11.61140479228241,-1.0623073435066612,8.536427047546377,-1.1760254982987253
20,395.7882149846498,-88.14554518160574,1.0216449920712476,2.324884837545225,-0.8285837822548869,42.30198596070645,-0.9336918274930712
21,393.24750853121833,-39.4924823400866,1.1012360012408666,-4.6051626527573415,-0.9647156502268402,8.216667274460784,-1.0748386382920772
22,392.2080509248775,13.152809730541298,1.1431610480083552,-7.381176126380014,-1.0152892294602998,11.357300060312102,-1.1428274072335718
23,392.1300166083756,0.17457533677898596,1.1408903051181036,-7.091534103110095,-1.0098050266618355,8.981002045389369,-1.1484911275149008
