time required:  11694.033084154129
reference test chi2:  537.4352500172274
test chi2:  1.6207792290843792
test seed:  5
{'loss': DeviceArray(194.70983408, dtype=float64), 'pars': array([10.4684503 , -1.84471397, -0.22479985, 19.58946617, -5.12011688,
       -0.54021056,  8.42055305, -1.86936866, -0.11786877]), 'mini':   message: Desired error not necessarily achieved due to precision loss.
  success: False
   status: 2
      fun: 194.70983407682488
        x: [ 1.047e+01 -1.845e+00 -2.248e-01  1.959e+01 -5.120e+00
            -5.402e-01  8.421e+00 -1.869e+00 -1.179e-01]
      nit: 13
      jac: [ 2.134e-04  1.368e-04 -6.724e-04  4.269e-03  2.543e-03
             4.603e-03 -4.232e-04  5.047e-03 -5.598e-03]
 hess_inv: [[ 5.674e+00  8.325e-01 ... -1.193e-02  7.038e-02]
            [ 8.325e-01  1.040e+00 ...  1.355e-03  5.294e-04]
            ...
            [-1.193e-02  1.355e-03 ...  9.319e-02  1.119e-02]
            [ 7.038e-02  5.294e-04 ...  1.119e-02  3.059e-01]]
     nfev: 34
     njev: 22, 'min_lambdas': {'AAAA': {'backbone1_gamma_3J': DeviceArray([-0.04066979,  0.00581673, -0.00145103,  0.0308489 ,
             -0.00130344, -0.00036836,  0.00438909, -0.00407589],            dtype=float64), 'backbone2_beta_epsilon_3J': DeviceArray([-0.00956857,  0.00620854,  0.01404383, -0.01061789,
              0.01993198,  0.01691719, -0.02635699,  0.03512546],            dtype=float64), 'sugar_3J': DeviceArray([ 0.03435239,  0.03771862,  0.0050504 ,  0.00085255,
              0.01681526, -0.00617579, -0.00079847, -0.00387182],            dtype=float64), 'NOEs': DeviceArray([ 2.94611678e+02, -3.01913063e+01,  2.45705713e+02,
              1.79806705e+02, -9.80582595e+01, -1.11804979e+02,
              1.00500085e+02, -2.98213941e+01,  3.66927150e+01,
             -3.99040270e+01,  9.86546449e+01,  1.25129879e+02,
              1.83349480e+03, -1.06001691e+02, -2.41292000e+02,
              2.86020723e+02, -4.94810437e+01,  4.90448011e+02,
              2.85833553e+01,  1.54177914e+02,  1.23841427e+01,
             -1.90426827e+02,  1.23910655e+03,  2.28909760e+02,
              4.26130097e+02,  7.17147025e+02,  4.89006502e+02,
             -1.24777719e+00, -3.67594567e+01, -1.64983593e+01,
             -2.54592187e+02,  2.36754794e+02,  1.05317006e+02,
              2.42402324e+02,  5.00542041e+02], dtype=float64), 'uNOEs': DeviceArray([  0.        ,   0.        ,   0.        ,   0.        ,
               0.        ,   0.        ,   0.        ,   0.        ,
               0.        ,   0.        ,   0.        ,   0.        ,
               0.        ,   0.        ,   0.        ,   0.        ,
               0.        ,   0.        ,   0.        ,   0.        ,
               0.        ,   0.        ,   0.        ,   0.        ,
              30.77657772,   0.        ,   0.        ,   0.        ,
               0.        ,   0.        ,   0.        , 600.81209115,
               0.        ,   0.        ,   0.        ,   0.        ,
               0.        ,   0.        ,   0.        ,   0.        ,
               0.        ,   0.        ,   0.        ,   0.        ,
               0.        ,   0.        ,   0.        ,   0.        ,
               0.        ,   0.        ,   0.        ,   0.        ,
               0.        ,   0.        ,   0.        ,   0.        ,
               0.        ,   0.        ,   0.        ,   0.        ,
               0.        ,   0.        ,   0.        ,   0.        ,
               0.        ,   0.        ,  75.09496318,   0.        ,
             178.22276003,   0.        ,   0.        ,   0.        ,
               0.        ,   0.        ,   0.        ,   0.        ,
               0.        ,   0.        ,   0.        ,   0.        ,
               0.        ,   0.        ,   0.        ,   0.        ,
               0.        , 771.3153636 ,   0.        ,   0.        ,
               0.        ,   0.        ,   0.        ,   0.        ,
               0.        ,   0.        ,   0.        ,   0.        ,
               0.        ,   0.        ,   0.        ,   0.        ,
               0.        ,   0.        ,   0.        ,   0.        ,
               0.        , 127.29478075,   0.        ,   0.        ,
               0.        ,   0.        ,   0.        ,   0.        ,
               0.        ,   0.        ,   0.        ,   0.        ,
               0.        ,   0.        ,   0.        ,   0.        ,
               0.        , 266.61044632,   0.        ,   0.        ,
               0.        ,   0.        ,   0.        ,   0.        ,
               0.        ,   0.        ,   0.        ,   0.        ,
               0.        ,   0.        ,   0.        ,   0.        ,
               0.        ,   0.        ,   0.        ,   0.        ,
               0.        ,   0.        ,   0.        ,   0.        ,
               0.        ,   0.        ,   0.        ,   0.        ,
               0.        ,   0.        ,   0.        ,   0.        ,
               0.        ,   0.        ,   0.        ,   0.        ,
               0.        ,   0.        ,   0.        ,  17.23389186,
               0.        ,   0.        ,   0.        ,   0.        ,
               0.        ,   0.        ,   0.        ,   0.        ,
               0.        ,   0.        ,   0.        ,   0.        ,
               0.        ,   0.        ,   0.        ,   0.        ,
               0.        ,   0.        ,   0.        ,   0.        ,
               0.        ,   0.        ,   0.        ,   0.        ,
               0.        ,   0.        ,   0.        ,   0.        ,
               0.        ,   0.        ,   0.        ,   0.        ,
               0.        ,   0.        ,   0.        ,   0.        ,
               0.        ,   0.        ,   0.        ,   0.        ,
               0.        ,   0.        ,   0.        ,   0.        ,
               0.        ,   0.        ,   0.        ,   0.        ,
               0.        ,   0.        ,   0.        ,   0.        ,
               0.        ,   0.        ,   0.        ,   0.        ,
               0.        ,   0.        ], dtype=float64)}, 'CAAU': {'backbone1_gamma_3J': DeviceArray([-0.03174473, -0.00921582,  0.00234196,  0.01557203,
              0.02681882], dtype=float64), 'backbone2_beta_epsilon_3J': DeviceArray([ 0.0156952 , -0.01718217,  0.00668568, -0.01087606,
             -0.0291972 , -0.02686251], dtype=float64), 'sugar_3J': DeviceArray([ 0.0306082 , -0.02773366,  0.00297936,  0.01343402,
             -0.00527766, -0.00464418, -0.01977686,  0.00472724,
              0.04049314,  0.01250706], dtype=float64), 'NOEs': DeviceArray([ 193.21584753,  474.32381054,   55.77485362,  -41.96077735,
              105.21016198,   71.40579598, 1106.80335701,  -46.56753583,
              665.97835481, -197.8744825 ,  254.47810211,  -35.30950432,
              806.30174681,  353.04906624,   72.84056963, -194.55191104,
             -239.76082818,   18.96912997,  144.4355699 ,  -14.39457944,
              -50.19508241, 1475.22495263,  260.04725354,  310.05194926,
              -73.67701629, -214.87472249,    2.72322404,   66.13155604,
                2.41863817,   -1.70930735,  -11.00853597,   15.79830273,
              190.27280624, -161.33452879,   76.20929846,  143.60094107,
              178.37048121,   78.46822164], dtype=float64), 'uNOEs': DeviceArray([  0.        ,   0.        ,   0.        ,   0.        ,
               0.        ,   0.        ,   0.        ,   0.        ,
               0.        ,   0.        ,   0.        ,   0.        ,
               0.        ,   0.        ,   0.        ,   0.        ,
               0.        ,   0.        ,   0.        ,   0.        ,
               0.        ,   0.        ,   0.        ,   0.        ,
               0.        , 339.55743042,   0.        ,   0.        ,
               0.        ,   0.        ,   0.        ,   0.        ,
               0.        ,   0.        ,   0.        , 218.7268773 ,
             466.86905226,   0.        ,   0.        ,   0.        ,
             138.06873181,  47.78256762,   0.        ,   0.        ,
               0.        ,   0.        ,   0.        ,   0.        ,
               0.        ,   0.        ,   0.        ,   0.        ,
               0.        ,   0.        ,   0.        ,   0.        ,
               0.        ,  17.28196412,   0.        ,   0.        ,
               0.        ,   0.        ,   0.        ,   0.        ,
               0.        ,   0.        ,   0.        ,   0.        ,
               0.        ,   0.        ,   0.        ,   0.        ,
               0.        ,   0.        ,   0.        ,   0.        ,
              38.47722604,   0.        ,   0.        ,   0.        ,
               0.        ,   0.        ,   0.        ,   0.        ,
               0.        ,   0.        ,   0.        ,   0.        ,
               0.        ,   0.        ,   0.        ,   0.        ,
               0.        ,   0.        ,   0.        ,   0.        ,
               0.        ,   0.        ,   0.        ,   0.        ,
               0.        ,   0.        ,   0.        ,   0.        ,
               0.        ,   0.        ,   0.        ,   0.        ,
               0.        ,   0.        ,   0.        ,   0.        ,
               0.        ,   0.        ,   0.        ,   0.        ,
               0.        ,   0.        ,   0.        ,   0.        ,
               0.        ,   0.        ,   0.        ,   0.        ,
             116.87023511,   0.        ,   0.        ,   0.        ,
               0.        , 356.22489725,   0.        ,   0.        ,
               0.        ,   0.        ,   0.        ,   0.        ,
               0.        ,   0.        ,   0.        ,   0.        ,
               0.        ,   0.        ,   0.        ,   0.        ,
               0.        ,   0.        ,   0.        ,   0.        ,
               0.        ,   0.        ,   0.        ,   0.        ,
               0.        ,   0.        ,   0.        ,   0.        ,
               0.        ,   0.        ,   0.        ,   0.        ,
               0.        ,   0.        ,   0.        ,   0.        ,
               0.        ,   0.        , 246.74245783,   0.        ,
             837.6939883 ,   0.        ,   0.        ,   0.        ,
               0.        ,   0.        ,   0.        ,   0.        ,
               0.        ,   0.        ,   0.        ,   0.        ,
               0.        ,   0.        , 336.13103539,   0.        ,
               0.        ,   0.        ,   0.        ,   0.        ,
               0.        ,   0.        ,  38.37117434, 163.84312389,
               0.        ,   0.        ,   0.        ,   0.        ,
               0.        ,   0.        ,   0.        ,   0.        ,
               0.        ,   0.        ,   0.        ,   0.        ,
               0.        ,   0.        ,   0.        ,   0.        ,
               0.        ,   0.        ,   0.        ,   0.        ,
               0.        ,   0.        ,   0.        ,   0.        ,
               0.        ,   0.        ,   0.        ,   0.        ,
               0.        ,   0.        ,   0.        ,   0.        ,
               0.        ,   0.        ,   0.        ,   0.        ,
               0.        ,   0.        ,   0.        ,   0.        ,
               0.        ,   0.        ,   0.        ,   0.        ,
               0.        ,   0.        ,   0.        ,   0.        ,
               0.        ,   0.        ,   0.        ,   0.        ,
               0.        ,   0.        ,   0.        ,   0.        ,
               0.        ,   0.        ,   0.        ,   0.        ,
               0.        ,   0.        ,   0.        ,   0.        ,
               0.        ,   0.        ,   0.        ,   0.        ,
               0.        ,   0.        ,   0.        ,   0.        ,
               0.        ,   0.        ,   0.        ,   0.        ,
               0.        ,   0.        ,   0.        ,   0.        ,
               0.        ,   0.        ,   0.        ,   0.        ,
               0.        ,   0.        ,   0.        ,   0.        ,
               0.        ,   0.        ,   0.        ,   0.        ,
               0.        ,   0.        ,   0.        ,   0.        ,
               0.        ,   0.        ,   0.        ,   0.        ,
               0.        ,   0.        ,   0.        ,   0.        ,
               0.        ,   0.        ,   0.        ,   0.        ,
               0.        ,   0.        ,   0.        ,   0.        ,
               0.        ,   0.        ,   0.        ,   0.        ,
               0.        ,   0.        ,   0.        ,   0.        ,
               0.        ,   0.        ,   0.        ,   0.        ,
               0.        ,   0.        ,   0.        ,   0.        ,
             119.47591885,   0.        ,   0.        ,   0.        ,
               0.        ,   0.        ,   0.        ,   0.        ,
             330.0904869 ,   0.        ,   0.        ,   0.        ,
               0.        ,   0.        ,   0.        ,   0.        ,
               0.        ,   0.        ,   0.        ,   0.        ],            dtype=float64)}, 'CCCC': {'backbone1_gamma_3J': DeviceArray([ 0.02663923, -0.00477183,  0.02198471,  0.00094912,
              0.01285615], dtype=float64), 'backbone2_beta_epsilon_3J': DeviceArray([ 0.02397653,  0.00938593, -0.00517154,  0.01812486,
             -0.00377066, -0.00843791,  0.01452709], dtype=float64), 'sugar_3J': DeviceArray([ 0.00857935, -0.0060462 ,  0.00740686,  0.02710975,
             -0.02443222,  0.01401711, -0.03437092, -0.00530354,
             -0.02524794], dtype=float64), 'NOEs': DeviceArray([-235.38429218,   67.0154423 ,  146.9404078 ,   61.13694951,
              -23.34651412,  315.0602984 ,  416.8077713 ,   -4.99042528,
              -88.1256892 , -253.68911036,   27.57729463,  -68.17534576,
              -22.12141905,  167.7484873 ,  -23.28931111,  175.62635932,
             -208.15971185,   -4.3245552 ,  -46.75361723,   12.52628718,
               18.11419101, -344.00059036, -162.9315552 ], dtype=float64), 'uNOEs': DeviceArray([   0.        ,    0.        ,    0.        ,    0.        ,
                0.        ,    0.        ,    0.        ,    0.        ,
                0.        ,    0.        ,    0.        ,    0.        ,
                0.        ,    0.        ,    0.        ,    0.        ,
                0.        ,  335.80132835, 1010.67791839,    0.        ,
                0.        ,    0.        ,    0.        ,    0.        ,
                3.67852188,    0.        ,    0.        ,    0.        ,
                0.        ,    0.        ,    0.        ,    0.        ,
                0.        ,    0.        ,   93.08636321,    0.        ,
                0.        ,    0.        ,    0.        ,    0.        ,
                0.        ,    0.        ,    0.        ,    0.        ,
               42.14268389,    0.        ,    0.        ,    0.        ,
                0.        ,    0.        ,    0.        ,    0.        ,
                0.        ,    0.        ,    0.        ,    0.        ,
                0.        ,    0.        ,    0.        ,    0.        ,
                0.        ,    0.        ,    0.        ,    0.        ,
                0.        ,    0.        ,    0.        ,    0.        ,
                0.        ,    0.        ,    0.        ,    0.        ,
                0.        ,    0.        ,    0.        ,    0.        ,
                0.        ,    0.        ,    0.        ,    0.        ,
                0.        ,    0.        ,    0.        ,    0.        ,
                0.        ,    0.        ,    0.        ,    0.        ,
                0.        ,    0.        ,    0.        ,    0.        ,
                0.        ,  319.15267328,    0.        ,    0.        ,
                0.        ,    0.        ,    0.        ,    0.        ,
                0.        ,    0.        ,    0.        ,    0.        ,
                0.        ,    0.        ,    0.        ,    0.        ,
                0.        ,    0.        ,    0.        ,    0.        ,
                0.        ,    0.        ,    0.        ,    0.        ,
                0.        ,    0.        ,    0.        ,    0.        ,
                0.        ,    0.        ,    0.        ,    0.        ,
                0.        ,    0.        ,    0.        ,    0.        ,
                0.        ,    0.        ,  286.68715711,    0.        ,
                0.        ,    0.        ,    0.        ,    0.        ,
                0.        ,    0.        ,    0.        ,    0.        ,
                0.        ,    0.        ,    0.        ,    0.        ,
                0.        ,    0.        ,    0.        ,    0.        ,
                0.        ,    0.        ,    0.        ,   21.56731292,
                0.        ,    0.        ,    0.        ,    0.        ,
                0.        ,    0.        ,    0.        ,    0.        ,
                0.        ,    0.        ,    0.        ,    0.        ,
                0.        ,    0.        ,    0.        ,    0.        ,
                0.        ,    0.        ,    0.        ,    0.        ,
                0.        ,    0.        ,    0.        ,    0.        ,
                0.        ,    0.        ,    0.        ,    0.        ,
                0.        ,    0.        ,    0.        ,    0.        ,
                0.        ,    0.        ,    0.        ,    0.        ,
                0.        ,    0.        ,    0.        ,    0.        ,
                0.        ,    0.        ,    0.        ,    0.        ,
                0.        ,    0.        ,    0.        ,    0.        ,
                0.        ,    0.        ,    0.        ,    0.        ,
                0.        ,    0.        ,    0.        ,    0.        ,
                0.        ,    0.        ,    0.        ,    0.        ,
                0.        ,    0.        ,    0.        ,    0.        ,
                0.        ,    0.        ,    0.        ,  272.56824835,
                0.        ,    0.        ,    0.        ,    0.        ,
                0.        ], dtype=float64)}, 'GACC': {'backbone1_gamma_3J': DeviceArray([-0.05336551, -0.00194867, -0.00478677, -0.00393114,
              0.01286631,  0.02370387,  0.0051305 ], dtype=float64), 'backbone2_beta_epsilon_3J': DeviceArray([-0.00122274,  0.01350996,  0.01672104, -0.00689307,
             -0.02175377,  0.00158886, -0.02525133, -0.00703729],            dtype=float64), 'sugar_3J': DeviceArray([-0.01487597, -0.0266037 ,  0.0139254 ,  0.003588  ,
             -0.02634793, -0.01613833,  0.01390677, -0.01200563,
             -0.00290116,  0.03537908, -0.01785297, -0.02290955],            dtype=float64), 'NOEs': DeviceArray([  82.92388553, -191.51423148,  -23.55704359,   59.40762287,
              450.04487442,  166.77677793, -174.5783377 ,   -6.44577022,
              -15.2319542 , -177.8668899 ,  299.49418446,   -9.12626609,
              -21.68657015,  -71.08702227,  -53.52649428,   -6.8917693 ,
              -28.16710002], dtype=float64), 'uNOEs': DeviceArray([  0.        ,   0.        ,   0.        ,   0.        ,
               0.        ,   0.        ,   0.        ,   0.        ,
               0.        ,   0.        ,   0.        ,   0.        ,
               0.        ,   0.        ,   0.        ,   0.        ,
               0.        ,   0.        ,   0.        ,   0.        ,
               0.        ,   0.        ,   0.        ,   0.        ,
               0.        ,  12.3250006 ,   0.        ,   0.        ,
               0.        ,   0.        ,   0.        ,   0.        ,
              51.82525204,   0.        ,   0.        ,   0.        ,
               0.        ,   0.        ,   0.        ,   0.        ,
               0.        ,   0.        ,   0.        ,   0.        ,
               0.        ,   0.        ,   0.        ,   0.        ,
               0.        ,   0.        ,   0.        ,   0.        ,
               0.        ,   0.        ,   0.        ,   0.        ,
               0.        ,   0.        ,   0.        ,   0.        ,
               0.        ,   0.        ,   0.        ,   0.        ,
               0.        ,   0.        ,   0.        ,   0.        ,
               0.        ,   0.        ,   0.        ,   0.        ,
               0.        ,   0.        ,   0.        ,   0.        ,
               0.        ,   0.        ,   0.        , 160.45084542,
               0.        ,   0.        ,   0.        ,   0.        ,
               0.        ,   0.        ,   0.        ,   0.        ,
               0.        ,   0.        ,   0.        ,   0.        ,
               0.        ,   0.        ,   0.        ,   0.        ,
               0.        ,   0.        ,   0.        ,   0.        ,
               0.        ,   0.        ,   0.        ,   0.        ,
               0.        ,   0.        ,   0.        ,   0.        ,
               0.        ,   0.        ,   0.        ,   0.        ,
               0.        ,   0.        ,   0.        ,   0.        ,
               0.        ,   0.        ,   0.        ,   0.        ,
               0.        ,   0.        ,   0.        ,   0.        ,
               0.        ,   0.        ,   0.        ,   0.        ,
               0.        ,   0.        ,   0.        ,   0.        ,
               0.        ,   0.        ,   0.        ,   0.        ,
               0.        ,   0.        ,   0.        ,   0.        ,
               0.        ,   0.        ,   0.        ,   0.        ,
               0.        ,   0.        ,   0.        ,   0.        ,
               0.        ,   0.        ,   0.        ,   0.        ,
               0.        ,   0.        ,   0.        ,   0.        ,
               0.        ,   0.        ,   0.        ,   0.        ,
               0.        ,   0.        ,   0.        ,   0.        ,
               0.        ,   0.        ,   0.        ,   0.        ,
               0.        ,   0.        ,   0.        ,   0.        ,
               0.        ,   0.        ,   0.        ,   0.        ,
               0.        ,   0.        ,   0.        ,   0.        ,
               0.        ,   0.        ,   0.        ,   0.        ,
               0.        ,   0.        ,   0.        ,   0.        ,
               0.        ,   0.        ,   0.        ,   0.        ,
               0.        ,   0.        ,   0.        ,   0.        ,
               0.        ,   6.12050386,   0.        ,   0.        ,
               0.        ,   0.        ,   0.        ,   0.        ,
               0.        ,   0.        ,   0.        ,   0.        ,
               0.        ,   0.        ,   0.        ,   0.        ,
              71.38968292,   0.        ,   0.        ,   0.        ,
               0.        ,   0.        ,   0.        ,   0.        ,
               0.        ,   0.        ,   0.        ,   0.        ,
               0.        ,   0.        ,   0.        ,   0.        ,
               0.        ,   0.        ,   0.        ,   0.        ,
               0.        ,   0.        ,   0.        ,   0.        ,
               0.        ,   0.        ,   0.        ,   0.        ,
               0.        ,   0.        ,   0.        ,   0.        ,
               0.        ,   0.        ,   0.        ,   0.        ,
               0.        ,   0.        ,   0.        ,   0.        ,
               0.        ,   0.        ,   0.        ,   0.        ,
               0.        ], dtype=float64)}, 'UUUU': {'backbone1_gamma_3J': DeviceArray([-0.04640208, -0.01646066, -0.00909942, -0.01506934,
             -0.00842777, -0.01368376], dtype=float64), 'backbone2_beta_epsilon_3J': DeviceArray([-0.0161936 ,  0.03813951, -0.00165165, -0.00482251,
              0.03538342,  0.00939885, -0.01349152,  0.01600319],            dtype=float64), 'sugar_3J': DeviceArray([-0.01088674, -0.02339377,  0.04716413, -0.00951555,
             -0.01847703,  0.00326484, -0.01445443, -0.02318005,
              0.01588291,  0.05056064], dtype=float64), 'NOEs': DeviceArray([ 119.96503589,  168.91574539,  439.97457604, -164.28190874,
             -114.89169762,  -17.36614766, -113.98984641,  -16.72002834,
              146.24402063], dtype=float64), 'uNOEs': DeviceArray([0.00000000e+00, 0.00000000e+00, 0.00000000e+00,
             0.00000000e+00, 0.00000000e+00, 0.00000000e+00,
             0.00000000e+00, 0.00000000e+00, 0.00000000e+00,
             0.00000000e+00, 0.00000000e+00, 0.00000000e+00,
             0.00000000e+00, 0.00000000e+00, 0.00000000e+00,
             0.00000000e+00, 0.00000000e+00, 0.00000000e+00,
             0.00000000e+00, 0.00000000e+00, 0.00000000e+00,
             0.00000000e+00, 0.00000000e+00, 0.00000000e+00,
             0.00000000e+00, 0.00000000e+00, 0.00000000e+00,
             0.00000000e+00, 0.00000000e+00, 0.00000000e+00,
             0.00000000e+00, 0.00000000e+00, 0.00000000e+00,
             2.81768365e+01, 0.00000000e+00, 0.00000000e+00,
             0.00000000e+00, 0.00000000e+00, 0.00000000e+00,
             0.00000000e+00, 0.00000000e+00, 0.00000000e+00,
             0.00000000e+00, 0.00000000e+00, 0.00000000e+00,
             0.00000000e+00, 0.00000000e+00, 0.00000000e+00,
             0.00000000e+00, 0.00000000e+00, 2.53028672e+02,
             0.00000000e+00, 0.00000000e+00, 0.00000000e+00,
             0.00000000e+00, 0.00000000e+00, 0.00000000e+00,
             0.00000000e+00, 0.00000000e+00, 0.00000000e+00,
             0.00000000e+00, 0.00000000e+00, 0.00000000e+00,
             0.00000000e+00, 0.00000000e+00, 0.00000000e+00,
             0.00000000e+00, 0.00000000e+00, 0.00000000e+00,
             0.00000000e+00, 0.00000000e+00, 0.00000000e+00,
             0.00000000e+00, 0.00000000e+00, 0.00000000e+00,
             0.00000000e+00, 0.00000000e+00, 0.00000000e+00,
             0.00000000e+00, 0.00000000e+00, 0.00000000e+00,
             0.00000000e+00, 0.00000000e+00, 0.00000000e+00,
             0.00000000e+00, 0.00000000e+00, 0.00000000e+00,
             0.00000000e+00, 0.00000000e+00, 0.00000000e+00,
             0.00000000e+00, 0.00000000e+00, 0.00000000e+00,
             0.00000000e+00, 0.00000000e+00, 0.00000000e+00,
             0.00000000e+00, 0.00000000e+00, 0.00000000e+00,
             0.00000000e+00, 0.00000000e+00, 0.00000000e+00,
             0.00000000e+00, 0.00000000e+00, 0.00000000e+00,
             0.00000000e+00, 0.00000000e+00, 0.00000000e+00,
             0.00000000e+00, 0.00000000e+00, 0.00000000e+00,
             0.00000000e+00, 0.00000000e+00, 0.00000000e+00,
             0.00000000e+00, 0.00000000e+00, 0.00000000e+00,
             0.00000000e+00, 0.00000000e+00, 0.00000000e+00,
             0.00000000e+00, 3.51370280e+02, 0.00000000e+00,
             0.00000000e+00, 0.00000000e+00, 0.00000000e+00,
             0.00000000e+00, 0.00000000e+00, 0.00000000e+00,
             1.64512651e+02, 0.00000000e+00, 0.00000000e+00,
             1.75215505e+02, 0.00000000e+00, 0.00000000e+00,
             0.00000000e+00, 8.05888367e+01, 0.00000000e+00,
             3.79113112e+02, 0.00000000e+00, 0.00000000e+00,
             0.00000000e+00, 0.00000000e+00, 0.00000000e+00,
             0.00000000e+00, 0.00000000e+00, 0.00000000e+00,
             0.00000000e+00, 0.00000000e+00, 0.00000000e+00,
             0.00000000e+00, 0.00000000e+00, 0.00000000e+00,
             0.00000000e+00, 0.00000000e+00, 0.00000000e+00,
             0.00000000e+00, 0.00000000e+00, 0.00000000e+00,
             0.00000000e+00, 0.00000000e+00, 0.00000000e+00,
             0.00000000e+00, 0.00000000e+00, 0.00000000e+00,
             0.00000000e+00, 0.00000000e+00, 0.00000000e+00,
             0.00000000e+00, 0.00000000e+00, 0.00000000e+00,
             0.00000000e+00, 0.00000000e+00, 0.00000000e+00,
             0.00000000e+00, 0.00000000e+00, 0.00000000e+00,
             0.00000000e+00, 0.00000000e+00, 0.00000000e+00,
             0.00000000e+00, 2.27869252e+02, 0.00000000e+00,
             0.00000000e+00, 0.00000000e+00, 0.00000000e+00,
             0.00000000e+00, 0.00000000e+00, 0.00000000e+00,
             0.00000000e+00, 0.00000000e+00, 0.00000000e+00,
             0.00000000e+00, 0.00000000e+00, 0.00000000e+00,
             0.00000000e+00, 0.00000000e+00, 0.00000000e+00,
             0.00000000e+00, 0.00000000e+00, 0.00000000e+00,
             0.00000000e+00, 0.00000000e+00, 0.00000000e+00,
             0.00000000e+00, 0.00000000e+00, 0.00000000e+00,
             0.00000000e+00, 9.74178083e+01, 0.00000000e+00,
             0.00000000e+00, 0.00000000e+00, 0.00000000e+00,
             0.00000000e+00, 0.00000000e+00, 0.00000000e+00,
             0.00000000e+00, 0.00000000e+00, 0.00000000e+00,
             0.00000000e+00, 0.00000000e+00, 0.00000000e+00,
             0.00000000e+00, 0.00000000e+00, 0.00000000e+00,
             0.00000000e+00, 0.00000000e+00, 0.00000000e+00,
             0.00000000e+00, 0.00000000e+00, 0.00000000e+00,
             0.00000000e+00, 0.00000000e+00, 0.00000000e+00,
             0.00000000e+00, 0.00000000e+00, 0.00000000e+00,
             1.85950053e+01, 0.00000000e+00, 0.00000000e+00,
             0.00000000e+00, 0.00000000e+00, 0.00000000e+00,
             0.00000000e+00, 0.00000000e+00, 0.00000000e+00,
             0.00000000e+00, 0.00000000e+00, 0.00000000e+00,
             2.60612789e-02, 0.00000000e+00, 0.00000000e+00],            dtype=float64)}, 'UCAAUC': {'backbone1_gamma_3J': DeviceArray([ 0.00654196, -0.0168503 ,  0.00982786,  0.00034279,
              0.01404729, -0.01114989,  0.01503913,  0.01000786,
              0.00903486,  0.01933698,  0.00937099], dtype=float64), 'backbone2_beta_epsilon_3J': DeviceArray([-0.00990425, -0.04592691,  0.01145857,  0.00403578,
             -0.04853151,  0.02814646,  0.00207426, -0.03249221,
              0.01562277,  0.01050097], dtype=float64), 'sugar_3J': DeviceArray([ 0.04583677, -0.03796748,  0.03986694, -0.05007463,
              0.04647757, -0.05252563, -0.06746244,  0.06243944,
             -0.04217319,  0.05540126,  0.0282442 , -0.01307802],            dtype=float64), 'NOEs': DeviceArray([ 3.28601422e+02,  4.31374526e+01, -1.20191198e+01,
             -2.64734143e+01, -7.49407759e+00, -6.95997745e+00,
             -1.47571590e+02,  1.20441389e+02, -1.53553001e+01,
             -4.95379304e+01,  2.75253355e+02, -3.17343864e+01,
             -4.02169884e+01, -3.70272886e+01, -1.58382162e+02,
              1.61942207e+02, -6.70754387e+01,  8.37562749e+02,
             -2.82855587e+02, -5.42110967e+01, -6.60053198e+01,
             -2.10131008e+01, -4.48242790e+01, -6.53741583e+00,
             -3.51564803e+01, -3.17119471e+01, -3.86437400e+01,
             -5.44389308e+01, -5.36075399e+01, -9.87953402e+01,
             -7.93810259e+01, -9.88753357e+01, -1.21188337e+01,
             -5.17578327e+01, -2.20815726e+01, -3.19390853e+01,
             -7.86748485e+01,  3.23807216e-01, -3.20161733e+01,
             -1.30899558e+02, -1.80756551e+02, -1.22878980e+02,
             -9.61359427e+01, -7.23382874e+01,  7.11467232e+01,
             -7.50982389e+01, -4.38748637e+01, -4.87083704e+00,
             -2.33495210e+01, -1.60508898e+02, -1.47943337e+02,
             -5.39867672e+01, -1.30106609e+02, -6.25582120e+01,
             -6.60385418e+01, -2.77771707e+01, -1.41107405e+02],            dtype=float64), 'uNOEs': DeviceArray([1.23757991e+01, 0.00000000e+00, 5.11763461e+01,
             0.00000000e+00, 0.00000000e+00, 0.00000000e+00,
             0.00000000e+00, 0.00000000e+00, 0.00000000e+00,
             0.00000000e+00, 0.00000000e+00, 7.35196275e+01,
             0.00000000e+00, 0.00000000e+00, 0.00000000e+00,
             0.00000000e+00, 0.00000000e+00, 0.00000000e+00,
             0.00000000e+00, 0.00000000e+00, 0.00000000e+00,
             0.00000000e+00, 0.00000000e+00, 0.00000000e+00,
             0.00000000e+00, 0.00000000e+00, 0.00000000e+00,
             0.00000000e+00, 0.00000000e+00, 0.00000000e+00,
             0.00000000e+00, 0.00000000e+00, 0.00000000e+00,
             0.00000000e+00, 0.00000000e+00, 0.00000000e+00,
             0.00000000e+00, 0.00000000e+00, 0.00000000e+00,
             0.00000000e+00, 0.00000000e+00, 0.00000000e+00,
             0.00000000e+00, 0.00000000e+00, 0.00000000e+00,
             0.00000000e+00, 0.00000000e+00, 0.00000000e+00,
             0.00000000e+00, 0.00000000e+00, 0.00000000e+00,
             0.00000000e+00, 0.00000000e+00, 0.00000000e+00,
             0.00000000e+00, 0.00000000e+00, 0.00000000e+00,
             0.00000000e+00, 0.00000000e+00, 0.00000000e+00,
             0.00000000e+00, 0.00000000e+00, 0.00000000e+00,
             0.00000000e+00, 0.00000000e+00, 0.00000000e+00,
             0.00000000e+00, 0.00000000e+00, 0.00000000e+00,
             0.00000000e+00, 5.14289273e+01, 0.00000000e+00,
             0.00000000e+00, 0.00000000e+00, 0.00000000e+00,
             0.00000000e+00, 0.00000000e+00, 0.00000000e+00,
             0.00000000e+00, 0.00000000e+00, 0.00000000e+00,
             0.00000000e+00, 0.00000000e+00, 9.94911175e+01,
             0.00000000e+00, 0.00000000e+00, 0.00000000e+00,
             0.00000000e+00, 0.00000000e+00, 0.00000000e+00,
             0.00000000e+00, 0.00000000e+00, 0.00000000e+00,
             0.00000000e+00, 0.00000000e+00, 0.00000000e+00,
             0.00000000e+00, 0.00000000e+00, 0.00000000e+00,
             0.00000000e+00, 0.00000000e+00, 0.00000000e+00,
             0.00000000e+00, 0.00000000e+00, 0.00000000e+00,
             0.00000000e+00, 0.00000000e+00, 0.00000000e+00,
             0.00000000e+00, 0.00000000e+00, 3.41997776e+02,
             0.00000000e+00, 0.00000000e+00, 0.00000000e+00,
             0.00000000e+00, 0.00000000e+00, 0.00000000e+00,
             0.00000000e+00, 0.00000000e+00, 1.98109797e+03,
             0.00000000e+00, 0.00000000e+00, 0.00000000e+00,
             0.00000000e+00, 0.00000000e+00, 0.00000000e+00,
             0.00000000e+00, 0.00000000e+00, 0.00000000e+00,
             0.00000000e+00, 2.39610443e+01, 0.00000000e+00,
             0.00000000e+00, 0.00000000e+00, 0.00000000e+00,
             0.00000000e+00, 0.00000000e+00, 0.00000000e+00,
             0.00000000e+00, 0.00000000e+00, 0.00000000e+00,
             0.00000000e+00, 0.00000000e+00, 0.00000000e+00,
             0.00000000e+00, 0.00000000e+00, 0.00000000e+00,
             0.00000000e+00, 0.00000000e+00, 0.00000000e+00,
             0.00000000e+00, 0.00000000e+00, 1.71665532e+02,
             0.00000000e+00, 0.00000000e+00, 0.00000000e+00,
             0.00000000e+00, 0.00000000e+00, 0.00000000e+00,
             2.70391640e+01, 0.00000000e+00, 0.00000000e+00,
             0.00000000e+00, 1.01222409e+02, 0.00000000e+00,
             0.00000000e+00, 0.00000000e+00, 1.09759333e+02,
             0.00000000e+00, 0.00000000e+00, 0.00000000e+00,
             0.00000000e+00, 0.00000000e+00, 5.62114688e+01,
             0.00000000e+00, 0.00000000e+00, 0.00000000e+00,
             0.00000000e+00, 0.00000000e+00, 0.00000000e+00,
             0.00000000e+00, 1.59978895e+02, 0.00000000e+00,
             0.00000000e+00, 0.00000000e+00, 0.00000000e+00,
             0.00000000e+00, 0.00000000e+00, 0.00000000e+00,
             5.47245336e+00, 0.00000000e+00, 0.00000000e+00,
             0.00000000e+00, 0.00000000e+00, 0.00000000e+00,
             0.00000000e+00, 0.00000000e+00, 0.00000000e+00,
             0.00000000e+00, 0.00000000e+00, 0.00000000e+00,
             6.20752883e+00, 0.00000000e+00, 0.00000000e+00,
             0.00000000e+00, 0.00000000e+00, 0.00000000e+00,
             0.00000000e+00, 0.00000000e+00, 0.00000000e+00,
             0.00000000e+00, 5.03458667e+01, 0.00000000e+00,
             0.00000000e+00, 0.00000000e+00, 0.00000000e+00,
             0.00000000e+00, 0.00000000e+00, 0.00000000e+00,
             0.00000000e+00, 0.00000000e+00, 0.00000000e+00,
             0.00000000e+00, 0.00000000e+00, 0.00000000e+00,
             0.00000000e+00, 0.00000000e+00, 0.00000000e+00,
             0.00000000e+00, 0.00000000e+00, 0.00000000e+00,
             0.00000000e+00, 0.00000000e+00, 0.00000000e+00,
             0.00000000e+00, 0.00000000e+00, 0.00000000e+00,
             0.00000000e+00, 0.00000000e+00, 0.00000000e+00,
             0.00000000e+00, 0.00000000e+00, 0.00000000e+00,
             0.00000000e+00, 0.00000000e+00, 0.00000000e+00,
             0.00000000e+00, 0.00000000e+00, 0.00000000e+00,
             0.00000000e+00, 0.00000000e+00, 0.00000000e+00,
             0.00000000e+00, 0.00000000e+00, 0.00000000e+00,
             0.00000000e+00, 0.00000000e+00, 0.00000000e+00,
             0.00000000e+00, 0.00000000e+00, 0.00000000e+00,
             0.00000000e+00, 0.00000000e+00, 0.00000000e+00,
             0.00000000e+00, 0.00000000e+00, 0.00000000e+00,
             0.00000000e+00, 0.00000000e+00, 0.00000000e+00,
             0.00000000e+00, 0.00000000e+00, 0.00000000e+00,
             0.00000000e+00, 0.00000000e+00, 0.00000000e+00,
             0.00000000e+00, 0.00000000e+00, 0.00000000e+00,
             0.00000000e+00, 0.00000000e+00, 0.00000000e+00,
             0.00000000e+00, 0.00000000e+00, 0.00000000e+00,
             0.00000000e+00, 0.00000000e+00, 0.00000000e+00,
             0.00000000e+00, 0.00000000e+00, 0.00000000e+00,
             0.00000000e+00, 0.00000000e+00, 0.00000000e+00,
             0.00000000e+00, 0.00000000e+00, 0.00000000e+00,
             0.00000000e+00, 0.00000000e+00, 0.00000000e+00,
             0.00000000e+00, 0.00000000e+00, 0.00000000e+00,
             0.00000000e+00, 0.00000000e+00, 0.00000000e+00,
             0.00000000e+00, 0.00000000e+00, 0.00000000e+00,
             0.00000000e+00, 0.00000000e+00, 0.00000000e+00,
             0.00000000e+00, 0.00000000e+00, 0.00000000e+00,
             0.00000000e+00, 0.00000000e+00, 0.00000000e+00,
             0.00000000e+00, 0.00000000e+00, 0.00000000e+00,
             0.00000000e+00, 0.00000000e+00, 0.00000000e+00,
             0.00000000e+00, 0.00000000e+00, 0.00000000e+00,
             0.00000000e+00, 0.00000000e+00, 0.00000000e+00,
             1.77971035e+00, 0.00000000e+00, 0.00000000e+00,
             0.00000000e+00, 0.00000000e+00, 0.00000000e+00,
             0.00000000e+00, 0.00000000e+00, 0.00000000e+00,
             0.00000000e+00, 0.00000000e+00, 0.00000000e+00,
             0.00000000e+00, 0.00000000e+00, 3.31438878e+02,
             0.00000000e+00, 0.00000000e+00, 0.00000000e+00,
             0.00000000e+00, 0.00000000e+00, 0.00000000e+00,
             0.00000000e+00, 0.00000000e+00, 0.00000000e+00,
             0.00000000e+00, 0.00000000e+00, 0.00000000e+00,
             0.00000000e+00, 0.00000000e+00, 0.00000000e+00,
             0.00000000e+00, 0.00000000e+00, 0.00000000e+00,
             0.00000000e+00, 0.00000000e+00, 0.00000000e+00,
             0.00000000e+00, 0.00000000e+00, 0.00000000e+00,
             0.00000000e+00, 0.00000000e+00, 0.00000000e+00,
             0.00000000e+00, 0.00000000e+00, 0.00000000e+00,
             0.00000000e+00, 0.00000000e+00, 0.00000000e+00,
             0.00000000e+00, 0.00000000e+00, 0.00000000e+00,
             0.00000000e+00, 0.00000000e+00, 0.00000000e+00,
             0.00000000e+00, 0.00000000e+00, 0.00000000e+00,
             0.00000000e+00, 0.00000000e+00, 0.00000000e+00,
             0.00000000e+00, 0.00000000e+00, 1.10888294e+02,
             0.00000000e+00, 0.00000000e+00, 0.00000000e+00,
             0.00000000e+00, 0.00000000e+00, 0.00000000e+00,
             0.00000000e+00, 0.00000000e+00, 0.00000000e+00,
             0.00000000e+00, 0.00000000e+00, 0.00000000e+00,
             0.00000000e+00, 0.00000000e+00, 0.00000000e+00,
             2.18740767e+03, 0.00000000e+00, 0.00000000e+00,
             0.00000000e+00, 0.00000000e+00, 0.00000000e+00,
             0.00000000e+00, 0.00000000e+00, 0.00000000e+00,
             0.00000000e+00, 0.00000000e+00, 0.00000000e+00,
             0.00000000e+00, 0.00000000e+00, 0.00000000e+00,
             0.00000000e+00, 0.00000000e+00, 0.00000000e+00,
             0.00000000e+00, 0.00000000e+00, 0.00000000e+00,
             0.00000000e+00, 0.00000000e+00, 0.00000000e+00,
             0.00000000e+00, 0.00000000e+00, 0.00000000e+00,
             0.00000000e+00, 0.00000000e+00, 0.00000000e+00,
             0.00000000e+00, 0.00000000e+00, 0.00000000e+00,
             0.00000000e+00, 0.00000000e+00, 0.00000000e+00,
             0.00000000e+00, 3.17547372e+02, 0.00000000e+00,
             0.00000000e+00, 0.00000000e+00, 0.00000000e+00,
             0.00000000e+00, 0.00000000e+00, 0.00000000e+00,
             0.00000000e+00, 0.00000000e+00, 0.00000000e+00,
             0.00000000e+00, 0.00000000e+00, 0.00000000e+00,
             0.00000000e+00, 0.00000000e+00, 0.00000000e+00,
             0.00000000e+00, 0.00000000e+00, 0.00000000e+00,
             0.00000000e+00, 0.00000000e+00, 0.00000000e+00,
             0.00000000e+00, 0.00000000e+00, 0.00000000e+00,
             0.00000000e+00, 0.00000000e+00, 0.00000000e+00,
             0.00000000e+00, 0.00000000e+00, 0.00000000e+00,
             0.00000000e+00, 0.00000000e+00, 0.00000000e+00,
             0.00000000e+00, 0.00000000e+00, 0.00000000e+00,
             0.00000000e+00, 0.00000000e+00, 2.91736565e+01,
             0.00000000e+00, 0.00000000e+00, 0.00000000e+00,
             0.00000000e+00, 0.00000000e+00, 0.00000000e+00,
             0.00000000e+00, 0.00000000e+00, 0.00000000e+00,
             0.00000000e+00, 0.00000000e+00, 0.00000000e+00,
             0.00000000e+00, 0.00000000e+00, 0.00000000e+00,
             0.00000000e+00, 0.00000000e+00, 0.00000000e+00,
             0.00000000e+00, 0.00000000e+00, 0.00000000e+00,
             0.00000000e+00, 0.00000000e+00, 0.00000000e+00,
             0.00000000e+00, 0.00000000e+00, 0.00000000e+00,
             0.00000000e+00, 0.00000000e+00, 0.00000000e+00,
             0.00000000e+00, 0.00000000e+00, 0.00000000e+00,
             0.00000000e+00, 0.00000000e+00, 0.00000000e+00,
             0.00000000e+00, 0.00000000e+00, 0.00000000e+00],            dtype=float64)}}, 'minis': {'AAAA':   message: CONVERGENCE: NORM_OF_PROJECTED_GRADIENT_<=_PGTOL
  success: True
   status: 0
      fun: -1.4041495404249287
        x: [-8.463e-02  1.360e-02 ...  0.000e+00  0.000e+00]
      nit: 0
      jac: [ 5.992e-05 -1.963e-05 ...  4.926e+00  5.477e+00]
     nfev: 1
     njev: 1
 hess_inv: <277x277 LbfgsInvHessProduct with dtype=float64>, 'CAAU':   message: CONVERGENCE: NORM_OF_PROJECTED_GRADIENT_<=_PGTOL
  success: True
   status: 0
      fun: -1.8844009938515427
        x: [-1.251e-01 -1.572e-02 ...  0.000e+00  0.000e+00]
      nit: 0
      jac: [-3.764e-04 -2.793e-04 ...  1.248e+02  1.292e+01]
     nfev: 1
     njev: 1
 hess_inv: <399x399 LbfgsInvHessProduct with dtype=float64>, 'CCCC':   message: CONVERGENCE: NORM_OF_PROJECTED_GRADIENT_<=_PGTOL
  success: True
   status: 0
      fun: -0.856297579065783
        x: [ 3.457e-02 -5.801e-03 ...  0.000e+00  0.000e+00]
      nit: 5
      jac: [ 8.040e-05  2.868e-05 ...  1.368e+01  1.244e+00]
     nfev: 8
     njev: 8
 hess_inv: <269x269 LbfgsInvHessProduct with dtype=float64>, 'GACC':   message: CONVERGENCE: NORM_OF_PROJECTED_GRADIENT_<=_PGTOL
  success: True
   status: 0
      fun: -0.5534630094209039
        x: [-1.206e-01 -4.963e-03 ...  0.000e+00  0.000e+00]
      nit: 0
      jac: [-6.320e-05 -2.706e-05 ...  1.414e+01  8.750e+00]
     nfev: 1
     njev: 1
 hess_inv: <301x301 LbfgsInvHessProduct with dtype=float64>, 'UUUU':   message: CONVERGENCE: NORM_OF_PROJECTED_GRADIENT_<=_PGTOL
  success: True
   status: 0
      fun: -1.0400183773057359
        x: [-9.444e-02 -3.554e-02 ...  0.000e+00  0.000e+00]
      nit: 0
      jac: [ 1.482e-05 -9.187e-05 ...  3.650e+00  9.085e-01]
     nfev: 1
     njev: 1
 hess_inv: <285x285 LbfgsInvHessProduct with dtype=float64>, 'UCAAUC':   message: CONVERGENCE: NORM_OF_PROJECTED_GRADIENT_<=_PGTOL
  success: True
   status: 0
      fun: -7.312056394537199
        x: [ 1.652e-02 -4.199e-02 ...  0.000e+00  0.000e+00]
      nit: 0
      jac: [-7.362e-05 -6.313e-05 ...  1.460e+01  2.719e+00]
     nfev: 1
     njev: 1
 hess_inv: <615x615 LbfgsInvHessProduct with dtype=float64>}, 'intermediates': <MDRefine.MDRefine.loss_and_minimizer.intermediates_class object at 0x7f85a032a6b0>, 'time': 770.781082868576, 'reg_fm': 3.639760671138485, 'D_KL_alpha': {'AAAA': DeviceArray(0.61039345, dtype=float64), 'CAAU': DeviceArray(1.27813771, dtype=float64), 'CCCC': DeviceArray(0.60712633, dtype=float64), 'GACC': DeviceArray(0.15573879, dtype=float64), 'UUUU': DeviceArray(0.511783, dtype=float64), 'UCAAUC': DeviceArray(2.49255581, dtype=float64)}, 'abs_difference': {'AAAA': DeviceArray(0.00021043, dtype=float64), 'CAAU': DeviceArray(0.0027586, dtype=float64), 'CCCC': DeviceArray(0.00041806, dtype=float64), 'GACC': DeviceArray(0.00031135, dtype=float64), 'UUUU': DeviceArray(0.00042878, dtype=float64), 'UCAAUC': DeviceArray(0.00050247, dtype=float64)}, 'av_g': {'AAAA': {'backbone1_gamma_3J': DeviceArray([2.44792362, 2.1934067 , 1.95193649, 2.02576645, 1.95691974,
             1.98806028, 2.14587665, 1.86485475], dtype=float64), 'backbone2_beta_epsilon_3J': DeviceArray([8.12941718, 4.00647076, 1.46712368, 8.34459255, 3.66272702,
             1.5626659 , 7.47232395, 2.16792705], dtype=float64), 'sugar_3J': DeviceArray([6.84262389, 2.25520633, 3.76779283, 7.3284037 , 1.56054137,
             3.79449632, 7.97344088, 5.87171891], dtype=float64), 'NOEs': DeviceArray([1.67970061e-03, 7.95088114e-05, 4.32950504e-04,
             6.18891299e-04, 1.08680998e-04, 9.58105020e-05,
             8.49161709e-04, 1.32882735e-04, 1.81501318e-03,
             6.51597671e-04, 2.45227109e-03, 8.99230328e-04,
             1.41015358e-04, 2.26072981e-04, 9.77987819e-05,
             5.61489623e-04, 8.77724672e-05, 3.41849279e-04,
             2.24245583e-03, 2.11754134e-03, 1.77859281e-03,
             1.79939246e-04, 1.14830129e-04, 2.71847118e-04,
             5.07256601e-04, 4.91735215e-05, 1.18100384e-04,
             2.05906932e-03, 7.55848422e-04, 1.00278609e-03,
             2.11929695e-04, 1.77060133e-04, 1.88036117e-03,
             1.17246148e-04, 5.37933243e-04], dtype=float64), 'uNOEs': DeviceArray([1.66284138e-05, 2.59386357e-05, 8.96589984e-06,
             6.65721750e-05, 1.00369184e-05, 3.51235583e-05,
             1.85702129e-05, 5.30655878e-05, 2.65041396e-05,
             1.79480099e-05, 1.19210766e-05, 1.45249516e-05,
             1.40609808e-05, 4.20231259e-06, 1.33027852e-05,
             4.72982638e-05, 4.39808182e-06, 4.19208575e-06,
             3.26363438e-06, 8.34918866e-06, 1.43362966e-05,
             4.22651421e-06, 2.47590446e-06, 1.42435436e-05,
             4.03557056e-05, 1.19318866e-05, 1.34690471e-05,
             2.32554515e-05, 1.40200492e-05, 1.17430229e-05,
             1.71286613e-05, 7.28808899e-05, 5.97153776e-06,
             6.92383003e-06, 1.03244925e-05, 2.56397932e-05,
             1.02760451e-05, 9.89553101e-06, 3.24049038e-05,
             1.09918954e-05, 1.09047084e-05, 4.67161874e-06,
             3.57308063e-05, 6.75172693e-05, 1.93482971e-05,
             2.81043368e-05, 1.72830158e-05, 6.63926860e-06,
             6.25897729e-06, 5.93283356e-06, 1.35751957e-05,
             6.71250624e-06, 5.96910243e-06, 2.94876291e-06,
             2.58800142e-06, 7.75045073e-05, 1.26273834e-04,
             2.82516718e-05, 5.77491583e-06, 6.57338116e-06,
             7.08654433e-06, 9.45316863e-06, 2.19617483e-05,
             8.65367031e-06, 1.40670786e-05, 2.79139664e-05,
             1.58866885e-04, 4.25811470e-05, 1.59786213e-04,
             1.42835107e-05, 8.86458051e-06, 3.82489090e-05,
             2.36859286e-05, 4.26168866e-06, 4.89218431e-06,
             5.89819000e-06, 1.05014060e-05, 4.54215233e-06,
             1.29925336e-05, 1.04507786e-05, 9.27007357e-06,
             9.84296677e-06, 4.65073098e-06, 1.12375038e-05,
             1.83637872e-05, 4.05691328e-05, 5.49545966e-05,
             1.03365200e-05, 1.12490744e-05, 1.34536918e-05,
             4.96011719e-06, 2.29291740e-05, 6.14469174e-06,
             4.80940101e-06, 5.92365394e-05, 9.27329419e-06,
             7.00678974e-06, 4.89038283e-06, 4.76184301e-06,
             2.47442900e-05, 1.15310771e-05, 9.27854530e-06,
             6.96165352e-06, 2.53979222e-05, 1.83755453e-05,
             7.23971749e-05, 3.41948546e-05, 1.06785881e-05,
             1.83793689e-05, 9.53483110e-06, 5.40697220e-06,
             4.39509313e-05, 4.33870838e-06, 5.34250573e-06,
             4.63936282e-06, 3.11800377e-06, 8.35363686e-06,
             6.30538309e-06, 8.93983740e-06, 1.02488654e-05,
             7.09174820e-06, 7.25554700e-05, 1.66489910e-05,
             3.07144924e-05, 4.61031248e-06, 1.22432347e-05,
             1.20969266e-04, 2.10399053e-05, 2.59257145e-05,
             7.40593961e-06, 3.69467221e-06, 2.78121220e-06,
             5.84380356e-06, 1.78982100e-06, 3.82984895e-06,
             2.37257526e-06, 6.40506178e-06, 2.23687252e-05,
             3.61535348e-05, 5.56436971e-06, 1.04537117e-05,
             4.75781462e-06, 6.27024442e-06, 2.70078574e-06,
             2.04049156e-05, 4.39775553e-05, 1.85951315e-06,
             1.50836478e-06, 3.60035928e-06, 1.02132648e-05,
             1.77219472e-05, 1.48987455e-05, 1.25660289e-05,
             1.38834215e-04, 7.78165826e-05, 1.45238348e-05,
             6.85387186e-06, 6.73805335e-06, 3.85469471e-05,
             2.44522624e-04, 1.39343014e-05, 8.97241006e-06,
             7.97873901e-06, 4.60215726e-05, 8.27150429e-06,
             9.73203129e-06, 2.47632255e-05, 1.10167065e-04,
             3.72958065e-05, 1.42938790e-05, 4.31568128e-05,
             6.03880329e-06, 4.07592690e-06, 7.99090109e-06,
             1.15653206e-04, 6.47026271e-06, 8.34165792e-06,
             6.22441493e-06, 2.89107481e-05, 6.33596217e-06,
             5.85870884e-06, 1.00878961e-05, 2.39679789e-05,
             2.14122195e-05, 8.92322084e-06, 1.05592725e-05,
             1.61872104e-05, 5.05754972e-05, 2.79699462e-05,
             1.58147371e-05, 3.50377685e-04, 2.36156816e-04,
             3.89000387e-05, 4.25207905e-05, 8.33772251e-06,
             4.01251968e-05, 6.56079696e-06, 1.08236885e-05,
             7.50736754e-06, 1.90030811e-04, 3.81813362e-05,
             5.30581571e-06, 2.84211902e-06, 2.80182231e-06,
             7.60160901e-06, 2.06673306e-05, 4.68210435e-06,
             1.16793736e-05, 1.60343833e-04, 1.50746781e-05,
             1.65149315e-05, 1.26947443e-05, 7.76857362e-05,
             6.03466183e-04, 1.90302835e-04, 6.43053875e-05,
             1.22926182e-05, 2.29478645e-05], dtype=float64)}, 'CAAU': {'backbone1_gamma_3J': DeviceArray([2.69622055, 1.79412251, 2.07828738, 1.8175839 , 1.89163366],            dtype=float64), 'backbone2_beta_epsilon_3J': DeviceArray([4.22168191, 9.02723567, 1.22309362, 8.03748493, 3.02938115,
             2.40732616], dtype=float64), 'sugar_3J': DeviceArray([2.0189356 , 3.57804313, 8.49916606, 1.44812111, 8.12481989,
             1.24651527, 3.64257448, 8.45706423, 5.04709419, 4.1154701 ],            dtype=float64), 'NOEs': DeviceArray([6.30863573e-04, 5.06350891e-05, 9.45660490e-04,
             1.48472270e-04, 1.43396996e-03, 1.71663653e-03,
             1.64021738e-04, 6.96751999e-05, 1.60086604e-04,
             9.67144740e-05, 5.42513467e-04, 6.93187375e-05,
             9.09173103e-05, 4.77763204e-04, 9.98099131e-04,
             1.76649483e-04, 2.33622311e-04, 2.99017283e-03,
             2.06949988e-03, 2.27163856e-03, 1.29463514e-04,
             9.97578740e-05, 5.45867796e-04, 1.57607727e-04,
             9.53443558e-05, 1.13742398e-04, 6.52731983e-04,
             1.69139741e-03, 2.63323297e-03, 1.36347977e-03,
             2.78134302e-04, 1.24573266e-03, 1.31849294e-04,
             6.97957272e-05, 3.26108673e-04, 1.91448900e-04,
             8.70228252e-05, 5.28989252e-04], dtype=float64), 'uNOEs': DeviceArray([1.40908630e-05, 2.65028127e-05, 1.46972657e-05,
             3.90915353e-06, 9.26447208e-06, 2.52984909e-06,
             7.69785141e-06, 1.71160580e-05, 2.09873469e-05,
             4.85488415e-06, 1.84656459e-06, 1.26216081e-06,
             1.20487877e-05, 9.99513741e-07, 7.41551671e-07,
             6.84771891e-06, 7.43724466e-06, 4.69679264e-06,
             2.87375637e-06, 3.97254008e-06, 1.72669826e-06,
             8.47230301e-06, 5.70804862e-06, 6.60933649e-06,
             9.38702377e-07, 1.06891891e-04, 7.30202574e-06,
             5.74213861e-05, 2.32008454e-05, 1.85458945e-05,
             1.98895643e-05, 9.58881619e-06, 3.82132206e-06,
             4.89810695e-06, 2.90184731e-06, 1.06357186e-04,
             2.18082046e-04, 6.38173727e-06, 7.67480407e-06,
             7.54588985e-06, 1.05295850e-04, 5.09211397e-05,
             4.82763615e-06, 7.64686682e-05, 7.61731875e-06,
             6.19228342e-06, 4.14470887e-05, 2.93177653e-05,
             6.73194315e-06, 9.81267035e-06, 3.13206389e-05,
             6.31564334e-05, 2.13248596e-05, 5.64688001e-06,
             6.73790155e-06, 4.69939273e-06, 7.64991451e-06,
             1.05205718e-04, 3.10521417e-05, 2.38070854e-06,
             6.18716629e-05, 2.25307464e-06, 2.09930877e-06,
             9.87076651e-06, 3.37940303e-05, 7.45588345e-06,
             9.17613348e-06, 1.78989766e-05, 2.21112789e-05,
             6.82273107e-06, 2.37584719e-05, 6.45484707e-06,
             1.87590048e-05, 6.64651007e-06, 3.24157240e-06,
             1.92799800e-05, 5.05817505e-05, 1.23420670e-05,
             2.04067571e-05, 3.14919522e-05, 1.51007260e-05,
             8.78836770e-06, 1.59874138e-05, 2.02231726e-05,
             5.87835392e-06, 9.77248980e-06, 5.83670795e-06,
             2.00300927e-05, 1.15074052e-05, 3.31160631e-05,
             1.68344301e-05, 7.69501391e-06, 6.98820964e-06,
             1.18397734e-05, 4.40000041e-06, 1.13584023e-05,
             1.06073847e-05, 2.63289525e-06, 5.29329894e-06,
             3.19016287e-05, 1.49292621e-05, 3.50605444e-05,
             2.83249923e-05, 2.39605068e-05, 1.34313341e-05,
             1.55523448e-04, 1.40853034e-04, 9.00355595e-05,
             6.49913056e-05, 2.28650981e-05, 2.24640248e-05,
             7.45927259e-06, 3.72952987e-06, 6.49882555e-06,
             1.83598808e-05, 7.16222217e-06, 1.81974554e-05,
             2.78015162e-05, 1.17777767e-05, 4.02743700e-05,
             3.94062540e-06, 4.91484155e-06, 4.24021486e-06,
             2.47841696e-05, 1.05989299e-04, 6.45239409e-06,
             1.03469558e-05, 2.78885209e-06, 3.99168547e-05,
             1.06708053e-04, 3.60579601e-05, 5.54276082e-06,
             1.42899584e-05, 1.07155757e-05, 1.74713775e-05,
             1.18121757e-05, 9.01959397e-06, 8.37220400e-06,
             1.29903543e-05, 1.54600439e-05, 3.91003583e-06,
             1.31497340e-05, 2.97625694e-06, 3.60187401e-06,
             6.81754569e-06, 7.76084850e-06, 1.40605374e-05,
             3.26556553e-05, 2.16475208e-05, 1.06058219e-05,
             6.00384783e-06, 7.85833042e-06, 2.02875332e-05,
             3.90915353e-06, 5.42706643e-06, 6.54650449e-06,
             6.27324787e-06, 2.83119796e-05, 5.01233700e-06,
             1.37651443e-05, 9.83205827e-06, 6.84185833e-06,
             3.23704190e-06, 2.43840280e-05, 5.82396850e-06,
             6.86920390e-06, 2.62300668e-05, 1.68044245e-05,
             5.11078098e-05, 9.84336431e-06, 4.40882667e-06,
             3.09026275e-05, 7.79582771e-06, 9.42015092e-06,
             2.60437125e-05, 4.35225253e-06, 6.11243620e-06,
             3.15968498e-06, 1.15800853e-05, 8.62172171e-06,
             2.04590178e-05, 6.20873163e-05, 2.16065856e-04,
             7.30055363e-06, 1.48896816e-05, 8.46308922e-06,
             8.54056459e-06, 5.07209486e-06, 1.42213617e-05,
             6.97957272e-05, 1.05660102e-04, 1.06157568e-04,
             1.10961308e-05, 1.63480730e-05, 1.42341105e-05,
             3.41747936e-05, 1.65261655e-05, 2.74668383e-05,
             6.82864598e-06, 8.74012526e-06, 2.09873469e-05,
             3.06086326e-05, 3.06475182e-05, 3.56995676e-05,
             2.45780399e-05, 1.39321346e-05, 1.21779214e-05,
             1.30842097e-05, 4.20260161e-06, 2.21712318e-06,
             1.51499974e-06, 7.54083955e-06, 5.58706915e-06,
             5.79247660e-06, 3.35970152e-06, 2.56324882e-06,
             2.16677873e-06, 5.66764178e-06, 2.47905032e-05,
             6.60807993e-06, 4.26421940e-06, 6.81602219e-06,
             4.14528944e-05, 1.03547286e-04, 7.12012723e-05,
             4.05270998e-06, 2.34951088e-06, 8.28547298e-06,
             2.22251680e-05, 4.38108154e-06, 2.14131159e-05,
             6.63649602e-06, 4.24278243e-05, 3.15254208e-05,
             1.88253053e-05, 1.71231916e-05, 2.20793710e-05,
             1.70267843e-05, 3.75663244e-05, 2.25431667e-05,
             1.20840448e-05, 7.32887706e-06, 8.87699821e-05,
             1.70358205e-06, 1.60022323e-06, 3.21570300e-06,
             1.77314771e-05, 7.00612701e-06, 9.52932900e-05,
             1.29616247e-05, 2.92689589e-06, 1.02110699e-05,
             1.64667882e-05, 1.04323730e-05, 2.59629815e-05,
             7.34180703e-06, 6.35425292e-05, 4.84658905e-05,
             6.20988993e-05, 2.77148098e-04, 1.43720219e-06,
             6.33530229e-06, 3.43665433e-05, 7.18207073e-05,
             1.60789730e-04, 2.33622311e-04, 2.49131092e-04,
             4.89975095e-05, 1.64639310e-05, 1.17696136e-04,
             2.42764835e-05, 9.63151788e-05, 5.46027053e-05,
             6.57266628e-05, 1.04574689e-04, 8.43295442e-06,
             2.68309927e-05, 1.36244939e-06, 1.63069979e-04,
             4.66091438e-05, 1.00209473e-04, 6.45010089e-05,
             9.39703555e-05, 1.24954879e-04, 1.27133827e-05,
             3.39411720e-06, 1.14452557e-06, 6.98552893e-05,
             1.88566059e-05, 3.10540300e-05, 9.58401546e-05,
             5.55090194e-05, 2.52899357e-05, 9.74027963e-06,
             1.36107019e-04, 8.54646306e-05, 7.44073724e-05,
             1.20108466e-04, 6.21961143e-05, 8.30988379e-05,
             1.69846525e-04, 1.09837003e-05, 2.24433913e-06,
             6.65551936e-06, 1.03361010e-05, 4.11189470e-06,
             5.37464520e-05, 1.54683856e-04, 3.33643400e-05,
             1.82908545e-05, 1.28016371e-05, 8.75783100e-06,
             1.63248832e-05, 1.42485701e-05, 2.60115134e-05,
             2.35866040e-05, 1.00410453e-04, 8.27487935e-05,
             1.20472827e-05, 9.59860754e-05, 2.47089925e-04,
             1.22645116e-04, 1.70292483e-05, 1.20788592e-04,
             1.13160228e-04, 6.95543059e-05, 7.15084953e-06,
             1.01355638e-04, 2.52082186e-04, 5.29617561e-05,
             3.79135503e-05, 1.33072393e-04, 9.35406868e-05,
             6.89190822e-06, 1.53120920e-05, 9.53443558e-05,
             9.81861176e-05, 5.90639291e-05, 1.10890712e-05,
             2.18003345e-06], dtype=float64)}, 'CCCC': {'backbone1_gamma_3J': DeviceArray([1.88544102, 1.9413393 , 1.7307503 , 2.03148661, 1.82723964],            dtype=float64), 'backbone2_beta_epsilon_3J': DeviceArray([9.59758957, 4.11184207, 1.02829279, 9.90304221, 9.17531787,
             3.51937004, 1.58279646], dtype=float64), 'sugar_3J': DeviceArray([1.28489344, 3.39901756, 8.94613576, 1.90139097, 3.48782163,
             1.46562494, 3.55742599, 8.62354292, 4.0607212 ],            dtype=float64), 'NOEs': DeviceArray([0.00013646, 0.00247072, 0.00039125, 0.00063096, 0.00064496,
             0.00017736, 0.0004791 , 0.00236629, 0.00053558, 0.00035891,
             0.00077846, 0.00110632, 0.00269983, 0.00036427, 0.00023805,
             0.00036958, 0.00010742, 0.00050514, 0.00063429, 0.00238449,
             0.00186249, 0.00016858, 0.00020873], dtype=float64), 'uNOEs': DeviceArray([1.34053897e-05, 2.69103080e-05, 4.75765551e-06,
             2.84857589e-06, 2.66432986e-06, 9.97023515e-07,
             8.76260061e-07, 9.68414561e-06, 2.91962538e-06,
             2.34217736e-06, 9.37195498e-06, 2.93433753e-06,
             2.72178186e-06, 1.35448787e-06, 3.61241646e-06,
             1.06033289e-05, 1.05482086e-05, 1.06975895e-04,
             1.08712350e-04, 1.28360179e-05, 1.46292371e-05,
             5.34720522e-06, 4.38266560e-06, 7.60383349e-06,
             5.05765014e-05, 1.06777698e-05, 2.39220165e-05,
             3.95778497e-06, 3.57531347e-06, 3.14930275e-06,
             8.68419457e-06, 2.89434092e-05, 7.98318512e-06,
             4.18635528e-05, 1.05875628e-04, 3.85825788e-05,
             3.70204390e-06, 3.82779418e-06, 2.50392446e-06,
             8.43689072e-06, 1.72957118e-06, 2.24417377e-06,
             1.34077243e-06, 2.17717746e-05, 1.05677668e-04,
             1.35487011e-05, 3.20931923e-06, 3.49599950e-06,
             4.76871754e-06, 3.51066521e-06, 9.30550562e-06,
             1.13666584e-05, 1.61811070e-05, 7.69058023e-06,
             6.85436601e-06, 3.05059784e-06, 2.73683650e-06,
             3.67871615e-05, 4.49977876e-05, 1.24561756e-05,
             1.37709633e-05, 2.30399363e-05, 3.77698961e-06,
             3.60363973e-06, 8.23955338e-06, 3.57087141e-05,
             7.06815911e-06, 5.67829072e-06, 3.54959775e-06,
             1.52825006e-05, 5.63484532e-06, 2.81731731e-06,
             3.44820977e-06, 2.29865857e-06, 2.20283452e-06,
             1.87787260e-06, 5.15418762e-06, 3.55103173e-06,
             5.83000641e-06, 9.77831094e-06, 3.05132614e-06,
             2.10939973e-06, 3.20445233e-05, 1.70344117e-05,
             1.93794449e-05, 7.77351659e-06, 2.36671818e-05,
             8.58873788e-05, 5.62251448e-06, 5.75767744e-06,
             1.04337204e-05, 4.00417604e-06, 4.32965661e-06,
             2.52152617e-04, 1.99955141e-05, 7.15314457e-06,
             1.57805228e-05, 4.64520512e-06, 1.08119252e-05,
             1.19109360e-05, 4.98896444e-06, 6.17478064e-06,
             1.16608817e-04, 6.30650611e-06, 5.96887277e-05,
             7.75158980e-05, 1.21130200e-05, 5.69282832e-06,
             4.82259263e-06, 3.11700061e-06, 3.41688392e-06,
             2.69084604e-06, 1.40399818e-06, 3.97717925e-06,
             4.53469636e-06, 4.48693813e-06, 6.18381368e-06,
             7.88345829e-06, 6.44361132e-05, 1.28430835e-05,
             1.27861968e-05, 6.87292355e-05, 3.03953392e-05,
             2.54348830e-05, 1.46051871e-05, 8.15838146e-05,
             7.55610337e-06, 2.75716488e-06, 3.21649705e-06,
             4.57471421e-05, 2.51293961e-04, 6.68328492e-06,
             1.84326065e-05, 1.39159183e-05, 1.17891067e-05,
             1.11645905e-05, 3.25806416e-05, 3.42205476e-06,
             6.66945736e-06, 1.65444067e-05, 1.79595327e-05,
             1.13596361e-04, 2.14646000e-04, 5.50729752e-06,
             3.59300229e-06, 3.86331908e-06, 2.97772498e-05,
             9.03252088e-06, 1.25690385e-05, 3.89823365e-06,
             4.36756358e-06, 7.83213480e-04, 5.40087782e-06,
             5.49157441e-05, 4.64134016e-05, 4.72116207e-06,
             2.52389668e-04, 1.93001627e-04, 8.93746642e-06,
             7.05517111e-05, 2.41723258e-04, 9.68842203e-06,
             2.10966580e-05, 2.24387351e-05, 4.07565303e-06,
             1.69953305e-05, 5.12781376e-06, 8.81310425e-06,
             6.88738699e-06, 3.11954767e-06, 7.54016898e-05,
             3.64402035e-06, 1.41844379e-05, 9.12409088e-06,
             6.00246384e-05, 1.17793707e-04, 1.04685612e-04,
             4.01502422e-05, 2.11058988e-05, 5.68758683e-06,
             7.58580725e-06, 1.54873562e-05, 1.65839372e-05,
             6.59534300e-05, 3.38960464e-06, 2.03598668e-05,
             3.19294448e-06, 6.03341939e-06, 2.09867708e-05,
             8.50847043e-06, 7.26992865e-05, 7.93019725e-05,
             4.25176390e-05, 5.01192673e-06, 9.58650834e-05,
             1.52764908e-06, 5.35314115e-06, 4.92956521e-06,
             3.14392133e-06, 5.94063136e-06, 9.42262099e-06,
             1.95202167e-05, 1.87449794e-05, 5.22324398e-06,
             2.77860072e-05, 4.70599117e-05, 2.43122700e-05,
             1.63832189e-05, 1.61281749e-05, 9.34414796e-06,
             1.52163325e-05, 1.83710982e-05, 6.47039302e-05,
             2.21587908e-05, 1.63890854e-05, 6.48356566e-05,
             5.70103357e-06, 5.18634304e-04, 4.33188862e-05,
             2.50555386e-04, 4.03731954e-04, 1.41920001e-04,
             7.09494939e-05, 2.74715670e-05, 4.05000393e-05],            dtype=float64)}, 'GACC': {'backbone1_gamma_3J': DeviceArray([2.82615821, 2.23529093, 1.84105659, 1.86966574, 1.92800706,
             1.78777144, 1.97092414], dtype=float64), 'backbone2_beta_epsilon_3J': DeviceArray([3.65936678, 1.34963184, 9.65395605, 3.77091466, 1.27757314,
             9.05087885, 3.56080927, 1.76618368], dtype=float64), 'sugar_3J': DeviceArray([1.30708213, 3.51562142, 8.36315313, 1.121099  , 3.52413969,
             8.36382267, 1.46416459, 3.60090481, 8.70363667, 3.67724105,
             4.00628388, 6.43872154], dtype=float64), 'NOEs': DeviceArray([0.00097817, 0.00011979, 0.00055313, 0.00386132, 0.00041864,
             0.00058561, 0.00015488, 0.00368156, 0.0026765 , 0.00012423,
             0.00034909, 0.00207882, 0.00273622, 0.00055571, 0.00028932,
             0.00185066, 0.00219981], dtype=float64), 'uNOEs': DeviceArray([8.02827291e-06, 2.25214605e-05, 4.25197954e-06,
             5.86069198e-06, 3.18216231e-05, 5.71351839e-06,
             1.95575055e-06, 1.84466863e-06, 1.78905498e-05,
             4.43786851e-06, 4.41410238e-06, 5.60456475e-06,
             9.37266973e-06, 1.64214403e-06, 1.97366514e-06,
             1.19652224e-06, 1.39615595e-05, 2.55368289e-06,
             2.65954232e-06, 8.28958790e-06, 1.23440207e-05,
             4.09963482e-06, 6.43046082e-06, 6.49424023e-06,
             3.86466853e-05, 5.07317456e-05, 3.96815595e-06,
             2.97905671e-05, 1.19770919e-05, 5.39104426e-06,
             3.04868179e-05, 5.17828150e-06, 9.29404018e-05,
             8.48685216e-06, 3.06417066e-05, 1.33071636e-05,
             2.75408466e-05, 6.44121672e-06, 4.57099128e-06,
             9.49690732e-06, 1.82582774e-05, 4.04393473e-05,
             1.06308725e-05, 7.42423036e-06, 1.08707451e-05,
             8.90095461e-06, 2.92806968e-06, 2.01062811e-06,
             4.07340790e-06, 1.42608523e-05, 5.53816741e-06,
             2.50655890e-06, 3.26705781e-06, 2.39132511e-05,
             3.58807585e-05, 7.06579436e-06, 2.11360339e-05,
             5.20569136e-05, 1.23571713e-05, 1.07581789e-05,
             4.32400311e-06, 9.13044394e-06, 3.88698103e-06,
             7.01472991e-06, 8.55585272e-06, 1.80746210e-05,
             8.43898397e-05, 6.27397856e-05, 2.67822723e-05,
             1.55680728e-05, 3.15702457e-06, 8.51993908e-06,
             6.18512111e-06, 1.59684045e-05, 1.30649741e-05,
             5.18126008e-06, 9.60557576e-06, 6.21239423e-06,
             8.08168116e-06, 1.84298051e-04, 1.13291138e-04,
             7.03640839e-05, 1.72833328e-05, 2.43368588e-05,
             3.58583170e-06, 8.97749851e-06, 1.67756591e-05,
             3.02513658e-06, 3.73691569e-06, 8.78929788e-06,
             9.99425283e-06, 1.19595000e-05, 8.08137059e-06,
             5.23514252e-06, 7.05868054e-06, 1.46185074e-05,
             4.21554943e-06, 2.45124762e-05, 2.43282185e-06,
             8.71697657e-06, 2.32404391e-05, 6.14986054e-06,
             4.46184637e-06, 3.25352490e-06, 1.23823087e-05,
             9.41548442e-06, 2.13373937e-06, 3.05870274e-05,
             4.34149351e-05, 4.50869751e-05, 1.10917836e-04,
             5.11056110e-05, 1.36474523e-05, 2.09772257e-05,
             3.13973180e-05, 4.84916002e-06, 3.53659949e-06,
             6.04772850e-06, 5.90736995e-06, 4.02353943e-05,
             1.96709324e-05, 1.04650696e-05, 2.52849408e-05,
             2.18718845e-05, 6.64969878e-05, 2.81017300e-05,
             1.81875775e-05, 1.90588321e-05, 2.23195260e-06,
             3.04501399e-06, 3.74159191e-06, 2.15894066e-06,
             6.34209653e-06, 3.48007779e-06, 6.67219807e-06,
             2.08367803e-06, 1.99456153e-05, 5.25360866e-06,
             6.55620268e-06, 1.05640764e-04, 1.15912519e-05,
             9.62926935e-05, 1.65796628e-06, 1.27095640e-04,
             4.05300753e-06, 2.53170977e-06, 3.62015519e-06,
             8.63684083e-06, 3.22720480e-05, 2.09894618e-05,
             2.66122198e-05, 1.12746299e-05, 1.38621847e-05,
             5.33793589e-06, 1.40306182e-06, 1.32205122e-04,
             7.45090198e-06, 3.26605333e-06, 3.37501676e-06,
             1.58373593e-06, 1.21335596e-04, 6.74553633e-06,
             9.50668069e-06, 4.03061406e-06, 8.76815144e-05,
             1.91353654e-05, 2.30324450e-05, 1.79728360e-05,
             1.60577476e-05, 4.63642884e-05, 2.53739664e-05,
             2.16199449e-05, 1.92266927e-05, 1.66707311e-05,
             9.36473102e-05, 1.05790066e-04, 1.74213910e-05,
             7.13476096e-06, 1.22770739e-05, 4.02732351e-05,
             6.19201548e-06, 1.89624958e-05, 9.93089036e-05,
             4.91625100e-06, 2.52507353e-05, 6.61596546e-06,
             1.24012849e-04, 3.80311162e-05, 9.95580348e-06,
             6.96349606e-06, 2.54340097e-06, 3.66008830e-06,
             2.61409849e-06, 9.51187816e-06, 5.01550584e-05,
             1.45398287e-05, 4.52362022e-06, 2.44221529e-04,
             8.54178579e-05, 4.43393123e-06, 4.45269212e-06,
             4.66360027e-05, 5.23633959e-06, 1.58177274e-05,
             3.28500756e-05, 1.37368446e-05, 3.50050293e-05,
             1.06450548e-04, 3.99745670e-06, 6.28610504e-06,
             1.26101463e-05, 4.90269642e-05, 2.45944636e-04,
             5.49600457e-05, 1.23640129e-05, 3.79651209e-05,
             8.03862055e-05, 2.39813847e-05, 9.51572691e-06,
             6.52007839e-05, 5.97878334e-05, 2.12809609e-05,
             2.69328107e-04, 6.39719921e-06, 4.56233471e-06,
             5.57815013e-06, 3.86285054e-06, 1.94920083e-06,
             1.11232250e-05, 1.83593737e-05, 2.10919764e-05,
             2.50848370e-05, 4.50522945e-06, 5.59201333e-06,
             7.79799645e-05, 6.30331348e-06, 9.26530330e-05,
             6.50795792e-05, 3.89807779e-04, 8.22566033e-06,
             1.03401493e-04, 4.74119457e-04, 4.17588243e-06,
             4.73847745e-04, 4.65663984e-05, 7.50002920e-05,
             2.89315435e-04, 1.83168884e-06, 2.29999501e-05,
             8.47190954e-06, 3.01805507e-05, 1.71253826e-05,
             1.34469439e-05, 2.64741183e-06, 6.64392357e-06,
             5.30322258e-06, 4.55266854e-05], dtype=float64)}, 'UUUU': {'backbone1_gamma_3J': DeviceArray([2.15746468, 2.25301067, 2.19772335, 1.99923016, 2.21998137,
             2.04521949], dtype=float64), 'backbone2_beta_epsilon_3J': DeviceArray([7.66039265, 3.26820188, 1.94499046, 7.63815353, 3.17645424,
             2.3126146 , 7.2506214 , 2.53219744], dtype=float64), 'sugar_3J': DeviceArray([4.13870154, 3.9215005 , 6.86805078, 4.88455511, 3.98504292,
             5.60885992, 4.7200357 , 4.02858591, 5.92820329, 5.38149618],            dtype=float64), 'NOEs': DeviceArray([0.000566  , 0.0021883 , 0.00026543, 0.00031365, 0.00059886,
             0.00259768, 0.00061016, 0.00262147, 0.00027834],            dtype=float64), 'uNOEs': DeviceArray([1.08460673e-04, 6.50926763e-05, 8.78230444e-05,
             1.32391958e-05, 2.49649476e-05, 2.73515071e-05,
             9.31303363e-06, 1.06882282e-05, 1.34046415e-05,
             1.03140287e-05, 7.05085183e-06, 4.14975794e-06,
             3.14643802e-06, 6.04621082e-05, 5.12050648e-05,
             7.41045532e-06, 5.30924233e-06, 2.23211614e-05,
             1.91111185e-05, 7.87192087e-06, 2.95284165e-05,
             2.28277932e-05, 1.64013313e-05, 1.64850174e-05,
             1.06186863e-05, 1.55281385e-05, 6.61328588e-06,
             6.79931464e-06, 1.00028412e-05, 3.67239027e-05,
             2.43420678e-05, 1.21261638e-04, 6.96571310e-05,
             2.44564962e-04, 3.11790302e-05, 4.78688872e-05,
             1.06137659e-05, 4.61047278e-05, 3.66583273e-05,
             1.32216051e-04, 2.18871825e-05, 1.27167116e-05,
             3.31418794e-06, 3.71140399e-06, 3.43702327e-06,
             1.37934160e-05, 5.19987927e-06, 3.29581509e-05,
             2.07023810e-04, 3.80140256e-05, 2.50378289e-04,
             3.09157191e-05, 6.63470100e-05, 1.00326031e-05,
             5.22787002e-05, 3.94409905e-05, 3.31070853e-05,
             1.19332753e-05, 1.50644474e-05, 5.50227288e-06,
             1.19529002e-05, 3.06387591e-05, 3.11265161e-05,
             4.75842872e-05, 1.57261960e-05, 2.66158323e-05,
             2.17288503e-05, 1.89253672e-05, 2.37547255e-05,
             1.68132167e-05, 1.94324255e-04, 6.02442335e-05,
             3.26969180e-05, 2.07534200e-04, 6.28573962e-05,
             3.12183594e-05, 8.39527285e-05, 2.01383942e-05,
             1.21960646e-05, 2.60501513e-06, 3.79720518e-06,
             4.15710367e-05, 4.19423657e-05, 1.79231144e-05,
             2.78147676e-05, 4.12333538e-05, 2.68119552e-05,
             9.74340491e-05, 4.58681028e-05, 1.45307069e-05,
             2.33046482e-05, 3.28320249e-05, 2.46222679e-05,
             1.63873074e-05, 3.39278724e-05, 1.75095000e-05,
             1.93659747e-05, 2.12406115e-05, 2.54039074e-05,
             1.41597154e-05, 1.19455407e-04, 3.80741634e-05,
             5.60550239e-05, 2.27933639e-04, 1.22187565e-05,
             1.10859982e-05, 8.42873209e-06, 1.55484258e-05,
             1.57563536e-05, 6.79918238e-06, 1.19329700e-05,
             2.11591740e-05, 9.25729717e-06, 1.45890507e-05,
             6.59514121e-06, 1.57245892e-04, 6.79808839e-05,
             1.79469882e-05, 3.82451954e-05, 1.52102308e-05,
             4.81952998e-06, 2.52132635e-04, 2.12791587e-05,
             1.18931506e-05, 1.31398737e-05, 6.82824137e-05,
             7.50002766e-05, 5.48957560e-05, 2.24632135e-04,
             2.47791671e-04, 4.97875547e-05, 1.84978384e-04,
             2.48807225e-04, 1.08923695e-05, 7.16843229e-05,
             6.02345755e-05, 2.46729866e-04, 1.21726139e-04,
             2.52642750e-04, 5.79633890e-05, 1.07360106e-05,
             2.27285675e-05, 2.01529090e-05, 7.36572033e-05,
             2.15798498e-05, 2.23827652e-05, 2.06654912e-05,
             5.48636133e-05, 8.90694855e-05, 1.04517315e-04,
             1.01872188e-04, 5.26213201e-05, 8.46381652e-06,
             3.02127573e-05, 9.24196052e-05, 8.27215878e-05,
             1.00354720e-04, 1.65829281e-04, 3.86318431e-05,
             9.85158399e-06, 3.14934712e-05, 1.87002895e-04,
             2.80774691e-05, 4.81535915e-05, 5.40863896e-05,
             1.70949599e-05, 2.05560939e-05, 1.32783429e-05,
             5.56920679e-05, 1.08542730e-04, 1.54246845e-05,
             1.11008532e-04, 9.51480993e-05, 1.97413365e-05,
             1.39931555e-04, 3.65863343e-05, 2.20270939e-05,
             1.69649043e-04, 3.82920041e-04, 1.08478977e-05,
             4.49206298e-06, 8.57179949e-04, 1.05414152e-04,
             4.48041255e-04, 6.27523815e-06, 1.48768055e-05,
             2.22779813e-05, 1.79117135e-05, 1.13554422e-05,
             1.09824331e-05, 1.73199939e-05, 1.79368955e-05,
             2.31371890e-05, 6.65383896e-05, 4.46086022e-05,
             6.78725571e-05, 1.04418044e-04, 5.37018134e-05,
             6.06339135e-05, 7.64813465e-05, 2.98483901e-05,
             6.95514502e-04, 6.58378546e-05, 1.52565645e-04,
             9.80648046e-05, 3.95334593e-05, 4.67107007e-05,
             5.54594814e-05, 8.09920848e-04, 2.11071994e-04,
             2.14272825e-05, 1.34857744e-04, 3.90714455e-04,
             1.74628561e-04, 5.35763953e-06, 1.05647406e-04,
             7.16872852e-06, 4.41674400e-05, 6.47944670e-05,
             4.93204756e-05, 1.44855290e-05, 4.81048471e-06,
             1.22871340e-05, 2.04881908e-05, 4.32819283e-05,
             6.69682045e-05, 6.98656128e-05, 1.68989285e-05,
             2.55040450e-05, 1.32163332e-05, 3.91547452e-05,
             1.21487369e-04, 1.94571727e-05, 1.19681732e-05,
             4.15651860e-05, 2.25404293e-05, 1.16527230e-04,
             7.79787378e-04, 2.58467647e-05, 1.91389644e-05,
             1.38805891e-04, 1.26407280e-05, 1.36085893e-05,
             1.20274169e-05, 2.70173249e-05, 1.70903111e-05,
             7.57754823e-06, 1.35397398e-04, 3.82459867e-05,
             7.74178349e-04, 4.54969374e-05, 1.92651642e-04],            dtype=float64)}, 'UCAAUC': {'backbone1_gamma_3J': DeviceArray([2.48679735, 2.40435259, 2.08109584, 2.12034945, 2.33013655,
             3.14226421, 2.38875923, 2.09191584, 2.03331983, 2.64303784,
             2.05394281], dtype=float64), 'backbone2_beta_epsilon_3J': DeviceArray([3.61477178, 6.08505528, 3.4772391 , 1.73870841, 5.83130481,
             4.16341211, 1.62297487, 6.67922457, 3.4233475 , 2.12088426],            dtype=float64), 'sugar_3J': DeviceArray([4.20840604, 4.5569952 , 3.65566187, 4.24163959, 3.04677021,
             1.4962624 , 3.5137104 , 4.08953988, 5.4081547 , 4.47355051,
             4.76856789, 6.02766611], dtype=float64), 'NOEs': DeviceArray([2.09974152e-03, 3.14568059e-03, 9.79988566e-04,
             1.06368562e-03, 2.39019147e-03, 2.77218559e-03,
             1.41995223e-04, 3.75060699e-04, 7.51394092e-04,
             2.19631942e-04, 7.17345935e-04, 1.56865916e-04,
             4.35926795e-04, 2.45562855e-04, 1.18967498e-04,
             4.69310237e-04, 9.47262496e-05, 5.30815435e-03,
             2.95390252e-05, 5.70947183e-04, 2.50876749e-04,
             1.42942159e-03, 2.51066058e-04, 2.95218977e-03,
             3.59682999e-04, 1.06272518e-03, 9.33811333e-05,
             1.14800720e-04, 1.43305776e-04, 2.19026004e-04,
             3.44600615e-04, 1.15503355e-04, 6.08326623e-04,
             2.97290025e-04, 1.29216393e-03, 2.45170217e-04,
             2.34411164e-04, 3.04401137e-03, 8.45172519e-04,
             5.39889485e-05, 7.75223331e-05, 9.34050635e-05,
             2.58338715e-04, 2.42690336e-04, 7.22455131e-03,
             3.44051699e-04, 2.12952610e-04, 2.10626661e-03,
             1.53640208e-03, 2.20105119e-05, 1.36576608e-04,
             5.09805583e-04, 1.37043612e-04, 1.95189436e-04,
             1.58591229e-04, 1.15518498e-03, 1.25764155e-04],            dtype=float64), 'uNOEs': DeviceArray([6.38320464e-05, 1.23062102e-05, 6.39377260e-05,
             3.60835389e-05, 4.02864786e-06, 1.34306294e-05,
             9.03063329e-06, 4.89984263e-06, 2.19084026e-05,
             1.22136166e-05, 9.08455496e-06, 6.40670266e-05,
             9.77914077e-06, 4.55024746e-06, 2.66752001e-06,
             8.09955007e-06, 2.64408252e-06, 2.54890059e-05,
             7.70565284e-07, 9.93141259e-06, 1.53815571e-05,
             5.18743418e-06, 3.52949304e-06, 2.91073896e-06,
             3.79741683e-06, 2.30686900e-06, 3.28666064e-06,
             5.87673835e-05, 3.40604382e-06, 3.15125122e-06,
             1.45078539e-05, 7.08896092e-05, 6.47676172e-06,
             1.35166257e-05, 2.87468606e-06, 1.47165926e-06,
             2.11677219e-05, 1.01388613e-05, 4.10827143e-06,
             8.49500590e-06, 8.31344976e-06, 8.56829917e-06,
             3.37516227e-06, 4.92019306e-06, 2.02661640e-05,
             1.49338178e-05, 1.73471373e-05, 4.86094339e-06,
             3.96972615e-05, 1.40488679e-05, 9.14192445e-06,
             1.50705583e-05, 2.36797984e-06, 5.74393582e-06,
             1.67809781e-06, 1.09281811e-06, 1.08800918e-05,
             9.53077220e-06, 1.09691735e-05, 3.43614438e-06,
             2.15483026e-05, 1.62880090e-05, 9.11854042e-06,
             1.46709016e-05, 3.37822947e-06, 3.44404881e-06,
             1.00685457e-05, 8.99791603e-06, 1.25760012e-05,
             6.44970506e-06, 6.39971300e-05, 3.33496881e-06,
             1.43476876e-06, 3.56394001e-06, 2.77817335e-06,
             1.47347898e-06, 7.40654412e-07, 3.47917589e-06,
             1.62392101e-06, 1.37413893e-05, 3.94275266e-05,
             6.11338576e-07, 1.10106691e-06, 1.38402221e-04,
             4.90550487e-07, 4.30071647e-07, 4.83854639e-07,
             1.26413364e-05, 2.72178133e-05, 6.13038010e-06,
             1.15641311e-05, 1.62806126e-05, 1.39736208e-05,
             1.96443683e-06, 1.46988840e-06, 2.85778842e-06,
             2.02263253e-06, 1.10221232e-06, 1.06747931e-06,
             6.58716994e-07, 1.34689257e-06, 7.00470946e-06,
             7.58518484e-06, 4.47793931e-06, 1.51759245e-06,
             1.32404536e-06, 2.55844694e-05, 1.17407474e-04,
             5.05962923e-05, 4.50809781e-05, 1.39648629e-04,
             1.10655719e-06, 2.73948461e-06, 5.43291547e-06,
             4.70802630e-06, 2.42905651e-06, 1.66627097e-06,
             1.84322582e-06, 1.41973305e-06, 3.28314891e-05,
             1.20892529e-05, 6.90750818e-06, 1.12807342e-05,
             5.61805601e-05, 2.46394551e-05, 1.52977653e-05,
             5.06380971e-06, 6.11408231e-06, 5.15623907e-06,
             1.14730398e-05, 3.24295746e-05, 6.00254434e-05,
             1.05392128e-05, 1.74780183e-05, 2.18506123e-05,
             1.01796600e-05, 2.76468610e-05, 1.13852724e-05,
             9.68645658e-06, 2.21601651e-05, 1.14281359e-05,
             9.85799203e-06, 9.20934281e-06, 1.90415327e-05,
             4.35011441e-05, 4.53131189e-05, 8.76001654e-05,
             3.42769262e-06, 3.30942027e-05, 5.38703216e-05,
             1.72995380e-05, 2.54565269e-05, 2.48127073e-04,
             4.17834086e-06, 4.58383803e-06, 6.50423234e-06,
             1.41069189e-06, 1.60191931e-06, 1.63401001e-06,
             1.37972691e-04, 4.45871905e-05, 1.22548593e-05,
             5.78087167e-06, 1.38369799e-04, 1.36307015e-04,
             3.23573841e-05, 2.47751497e-05, 1.38752888e-04,
             7.94017132e-05, 3.53316872e-06, 9.57902833e-07,
             9.82009014e-07, 1.47607926e-05, 6.41186399e-05,
             7.96653552e-06, 2.04926819e-05, 1.01206318e-05,
             1.30000271e-05, 4.03550283e-06, 1.84479652e-05,
             2.84811575e-06, 3.24850324e-05, 3.55668142e-05,
             1.03197219e-05, 4.18257803e-06, 2.35598854e-05,
             9.15206781e-06, 1.78707614e-05, 5.48430559e-05,
             6.39962218e-05, 2.72541288e-05, 1.78301112e-05,
             3.90965722e-06, 9.65369477e-06, 2.77811359e-05,
             2.43291963e-05, 5.55027791e-06, 5.55027791e-06,
             1.68877578e-05, 1.92688705e-06, 5.46235885e-06,
             6.39955743e-05, 8.65071301e-06, 2.23198416e-05,
             9.60122175e-06, 9.56120836e-06, 1.11892527e-05,
             1.03581588e-05, 6.14641281e-06, 9.27474784e-06,
             3.44972461e-06, 6.40442032e-05, 5.97892084e-06,
             4.76890042e-05, 3.15821713e-05, 1.64530292e-05,
             2.02753347e-05, 5.08251124e-05, 2.73929837e-05,
             7.58933055e-06, 2.02458449e-06, 1.57368967e-06,
             1.70917411e-06, 7.55194796e-05, 7.58321876e-06,
             2.00259881e-05, 1.09805240e-05, 1.54871103e-05,
             1.62186627e-05, 4.85189676e-06, 7.26066112e-05,
             1.77421103e-05, 7.75213223e-06, 1.28648934e-04,
             5.01369828e-06, 2.49642233e-06, 1.04079318e-04,
             1.96680203e-05, 8.02425579e-06, 1.03852901e-05,
             9.33524996e-06, 8.58385495e-06, 4.77516305e-06,
             2.64244856e-05, 1.26269256e-05, 1.06030825e-05,
             7.27075337e-06, 3.44994714e-06, 5.67690274e-07,
             7.28388822e-06, 2.25036245e-06, 1.23887726e-05,
             2.09377547e-06, 1.36432444e-05, 7.05557969e-06,
             3.52802212e-05, 1.26521718e-05, 1.16856500e-06,
             1.05781159e-06, 7.89691222e-06, 1.83565518e-06,
             1.87275974e-06, 4.48302078e-06, 1.14480844e-06,
             1.42556878e-05, 2.44244881e-05, 4.42930244e-06,
             1.13733970e-06, 2.94521629e-06, 3.30314686e-06,
             1.19110318e-05, 9.02394829e-05, 1.85945175e-05,
             2.65173110e-05, 3.39847740e-06, 3.30223721e-06,
             6.43835620e-06, 2.58604988e-06, 1.93404061e-06,
             1.01838245e-06, 4.57374970e-06, 2.24572178e-06,
             4.79559745e-06, 1.72286406e-06, 1.65736217e-06,
             7.00896627e-06, 2.77994760e-06, 1.29806402e-06,
             1.86492447e-06, 6.85021829e-06, 3.45872056e-06,
             1.65450124e-05, 1.23396741e-05, 1.37364690e-05,
             2.58182752e-05, 1.19060903e-05, 7.63214706e-06,
             1.05383794e-06, 6.19956514e-06, 3.84279256e-05,
             2.27055548e-06, 9.68248543e-06, 2.03676620e-06,
             6.96114319e-06, 3.08661454e-06, 3.83448031e-05,
             1.49332525e-05, 1.16273582e-05, 7.21833973e-06,
             9.71921583e-06, 9.64824456e-06, 5.52447662e-06,
             9.68299187e-06, 2.28152724e-06, 1.97746534e-05,
             2.23213901e-05, 1.58368483e-05, 4.58726917e-06,
             8.88654970e-07, 1.01472419e-05, 8.49383543e-06,
             3.59382922e-06, 2.41292395e-06, 1.62427165e-06,
             3.70733410e-06, 1.45844483e-06, 2.31590299e-06,
             7.41861772e-06, 2.49989208e-05, 1.48179114e-05,
             6.40067167e-05, 3.20668365e-05, 2.17415183e-05,
             5.07554697e-06, 4.01043168e-06, 1.29136896e-05,
             7.03558993e-06, 2.06983655e-06, 4.17220506e-06,
             5.70959883e-07, 2.50262529e-06, 6.34384940e-06,
             3.68308764e-06, 2.14767068e-06, 6.43100881e-05,
             1.24243339e-04, 1.54235792e-05, 4.07751343e-05,
             1.50856429e-04, 6.00115257e-05, 2.37582943e-06,
             7.93947305e-07, 1.26711530e-06, 8.62392109e-07,
             8.19194502e-07, 1.07347712e-06, 4.63230388e-05,
             4.99253746e-06, 7.68052559e-06, 1.97322552e-05,
             9.22918284e-06, 6.37963281e-06, 5.25278107e-07,
             5.64394925e-07, 7.18717743e-05, 3.08329882e-06,
             5.99341995e-06, 6.91694360e-06, 4.81241421e-06,
             2.53729253e-06, 9.97518977e-06, 1.11039015e-06,
             7.42246381e-07, 4.16651678e-05, 4.04342407e-06,
             1.80135435e-06, 5.50891917e-05, 6.95421089e-05,
             4.34023967e-05, 2.82791415e-05, 9.19291665e-05,
             4.14583163e-05, 9.55503322e-06, 1.86235658e-05,
             5.15236592e-05, 1.40621984e-05, 2.64756392e-05,
             2.59201877e-05, 4.81806965e-05, 9.09001266e-06,
             7.46145182e-06, 5.28898660e-06, 2.46884572e-04,
             1.20723327e-04, 4.53499824e-06, 1.12582623e-04,
             9.91880999e-07, 1.05583590e-06, 3.54562504e-06,
             1.24461289e-05, 1.06819537e-05, 9.91666549e-06,
             6.11878594e-05, 5.60226107e-05, 1.14095317e-05,
             1.32142423e-05, 3.62785757e-05, 6.03301672e-05,
             2.95562247e-04, 4.94408242e-05, 1.21643937e-05,
             6.06908615e-06, 3.74520517e-05, 1.78574422e-05,
             3.20702350e-06, 2.12109562e-06, 1.58769087e-05,
             7.38560495e-05, 1.09269588e-05, 2.49613221e-05,
             9.98897514e-06, 9.38211348e-05, 1.22651156e-04,
             2.83633014e-05, 9.68244129e-06, 2.60783220e-05,
             1.18927419e-05, 3.25083890e-06, 1.16529516e-06,
             5.99093383e-06, 1.89662384e-06, 9.56392058e-06,
             7.07074014e-06, 1.33611199e-04, 3.44813493e-06,
             1.01260466e-05, 8.59522883e-06, 1.36174204e-05,
             2.68205069e-06, 8.73689576e-07, 4.42407701e-05,
             3.10786573e-06, 1.40382457e-06, 8.82910285e-06,
             1.77934794e-06, 2.51156978e-04, 7.96463960e-06,
             6.83292339e-05, 2.46616852e-05, 1.95039784e-05,
             4.32431227e-06, 9.00595086e-07, 7.59271463e-06,
             1.05697318e-06, 1.31826000e-06, 5.50153780e-05,
             4.60085041e-05, 2.11405511e-05, 4.76553357e-05,
             2.03344686e-05, 3.15785058e-06, 6.88421992e-07,
             3.33244686e-06, 8.64128390e-07, 3.37153355e-07,
             1.87672823e-06, 4.84462177e-05, 6.01005743e-05,
             1.80390346e-05, 1.08977685e-05, 6.36982114e-05,
             2.99604903e-05, 3.09240496e-05, 1.17959614e-04,
             3.63824988e-05, 8.28716423e-06, 4.52399350e-06,
             2.90993824e-05, 1.68390705e-06, 2.04669750e-06,
             1.14411732e-06, 3.33542023e-06, 4.31608152e-06,
             2.56239415e-06, 2.02047358e-05, 7.84900353e-04,
             1.81063588e-06, 1.24917987e-06, 1.24780665e-04,
             3.15939205e-06, 4.79854776e-06, 8.38376383e-05,
             1.01147952e-05, 1.37387219e-05, 6.67165542e-06,
             4.50783003e-05, 1.38185198e-04, 2.61781310e-06,
             8.18137319e-07, 3.06280980e-06, 1.15319556e-04,
             1.78361806e-05, 4.42640245e-05, 4.74661205e-06,
             1.59851299e-05, 3.26478979e-05, 8.35406700e-06,
             6.17967656e-06, 4.56102172e-06, 1.24901338e-05,
             1.79846157e-05, 1.40358793e-06, 6.42655149e-06,
             5.98515724e-06, 2.59459293e-06, 1.84551742e-05,
             4.12112083e-05, 1.39268698e-05, 4.31289805e-06,
             5.58414303e-06, 8.97424097e-05, 2.38475839e-05,
             6.90424284e-06, 8.46354199e-06, 3.12483949e-05],            dtype=float64)}}, 'chi2': {'AAAA': {'backbone1_gamma_3J': DeviceArray(1.31625169, dtype=float64), 'backbone2_beta_epsilon_3J': DeviceArray(1.50226283, dtype=float64), 'sugar_3J': DeviceArray(1.45941924, dtype=float64), 'NOEs': DeviceArray(19.16334133, dtype=float64), 'uNOEs': DeviceArray(0.01351471, dtype=float64)}, 'CAAU': {'backbone1_gamma_3J': DeviceArray(1.01024211, dtype=float64), 'backbone2_beta_epsilon_3J': DeviceArray(1.12016287, dtype=float64), 'sugar_3J': DeviceArray(2.04323642, dtype=float64), 'NOEs': DeviceArray(13.59370456, dtype=float64), 'uNOEs': DeviceArray(0.15239302, dtype=float64)}, 'CCCC': {'backbone1_gamma_3J': DeviceArray(0.67853339, dtype=float64), 'backbone2_beta_epsilon_3J': DeviceArray(0.64619071, dtype=float64), 'sugar_3J': DeviceArray(1.73870594, dtype=float64), 'NOEs': DeviceArray(4.14431298, dtype=float64), 'uNOEs': DeviceArray(0.15575085, dtype=float64)}, 'GACC': {'backbone1_gamma_3J': DeviceArray(1.78930707, dtype=float64), 'backbone2_beta_epsilon_3J': DeviceArray(0.82069672, dtype=float64), 'sugar_3J': DeviceArray(2.22703936, dtype=float64), 'NOEs': DeviceArray(6.90739273, dtype=float64), 'uNOEs': DeviceArray(0.00837452, dtype=float64)}, 'UUUU': {'backbone1_gamma_3J': DeviceArray(1.46932884, dtype=float64), 'backbone2_beta_epsilon_3J': DeviceArray(1.73141338, dtype=float64), 'sugar_3J': DeviceArray(3.38523691, dtype=float64), 'NOEs': DeviceArray(8.55696969, dtype=float64), 'uNOEs': DeviceArray(0.46651639, dtype=float64)}, 'UCAAUC': {'backbone1_gamma_3J': DeviceArray(1.40970775, dtype=float64), 'backbone2_beta_epsilon_3J': DeviceArray(6.04199309, dtype=float64), 'sugar_3J': DeviceArray(23.41369008, dtype=float64), 'NOEs': DeviceArray(109.82084945, dtype=float64), 'uNOEs': DeviceArray(1.72418491, dtype=float64)}}, 'logZ_new': {'AAAA': DeviceArray(-3.93701062, dtype=float64), 'CAAU': DeviceArray(-3.58176475, dtype=float64), 'CCCC': DeviceArray(-1.52838886, dtype=float64), 'GACC': DeviceArray(-0.13532246, dtype=float64), 'UUUU': DeviceArray(-1.56892436, dtype=float64), 'UCAAUC': DeviceArray(-8.48115627, dtype=float64)}, 'weights_new': {'AAAA': DeviceArray([1.99050808e-05, 6.05907320e-06, 1.37524847e-05, ...,
             6.24547882e-05, 1.76742862e-05, 1.98500798e-05],            dtype=float64), 'CAAU': DeviceArray([1.34582262e-05, 8.33064780e-05, 1.71450737e-05, ...,
             8.34109608e-06, 7.30805508e-08, 4.85725413e-08],            dtype=float64), 'CCCC': DeviceArray([1.25764530e-05, 3.39797927e-05, 1.68598596e-05, ...,
             5.57776632e-06, 7.13295259e-06, 4.54242939e-05],            dtype=float64), 'GACC': DeviceArray([1.40706695e-05, 1.14229410e-05, 1.08468896e-05, ...,
             7.83327136e-06, 6.04288866e-06, 9.58438787e-06],            dtype=float64), 'UUUU': DeviceArray([7.69946066e-07, 2.02042053e-06, 5.60199283e-06, ...,
             1.20795697e-05, 5.86305401e-05, 6.67691647e-06],            dtype=float64), 'UCAAUC': DeviceArray([1.12060729e-04, 1.76161557e-04, 4.44497862e-06, ...,
             5.99975764e-09, 1.96264551e-06, 2.19908617e-07],            dtype=float64)}, 'optimal_hyperpars': {'alpha': 14.774292263090269, 'gamma': 0.5219075910311239}, 'hyper_minimization':       message: CONVERGENCE: REL_REDUCTION_OF_F_<=_FACTR*EPSMCH
      success: True
       status: 0
          fun: 379.7553733429452
            x: [ 1.170e+00 -2.824e-01]
          nit: 6
          jac: [-4.112e+02  2.770e+00]
         nfev: 7
         njev: 7
     hess_inv: <2x2 LbfgsInvHessProduct with dtype=float64>
 intermediate: <MDRefine.MDRefine.hyperminimizer.hyper_minimizer.<locals>.hyper_intermediate_class object at 0x7f85a0577f10>}
