,av_chi2,av_gradient alpha,log10_hyperpars alpha,av_gradient beta,log10_hyperpars beta,av_gradient gamma,log10_hyperpars gamma
0,1492264.6397171903,-131752.25046120698,0.0,4309.731730115667,0.0,8201.9839278288,0.0
1,6048.930741980592,-1827.7539043181307,0.9975364099165489,-2654.318167518822,-0.03263029134389509,363.72992667936285,-0.06209971801558419
2,5961.701209672323,-2436.7219361734033,1.0120107364446431,-2661.5254930860647,-0.012005107793600922,354.1807269279536,-0.0649438002443211
3,5521.062439117483,-4236.963741696947,1.06990804255702,-2647.0687942580707,0.07049562640757576,297.18995632326477,-0.07632012915926874
4,3515.3020758784814,-4529.681650440005,1.3014972670065275,-1997.3895977758957,0.40049856321228244,89.55985855487592,-0.12182544481905928
5,1356.0179370420833,-792.2767015027448,2.2278541648045573,522.4854460932437,1.7205103104311092,-3.889770896099898,-0.30384670745822145
6,1296.2057449974957,302.9328805706615,2.4085296682103805,-625.5562000471618,1.679429150821452,-1.1335875364742698,-0.3072271418587583
7,1256.8545668410181,-139.19347848604684,2.4749709001645805,-88.05143529665014,1.8128410799396346,-1.4601273258528074,-0.32158757030801477
8,1219.6448812844633,-221.53226957728396,2.67967722483663,83.95814052347973,2.02022853034171,-0.9603791376010791,-0.34807513477489543
9,1235.2164293767282,-526.7912527034722,3.0678948891886937,863.7061555452246,2.3684602136407733,-0.43528364185809254,-0.3922115127900644
10,1206.8023483897175,-324.51819706970764,2.8355392572468134,352.2057467473338,2.1600369494130014,-0.6730700458971338,-0.36579505381090777
11,1197.9071679056829,-125.64407145946575,2.9252543810950113,137.2062743693021,2.1994326764802534,-0.4390126156517452,-0.37137747217084377
