,av_chi2,av_gradient logalpha,log10_hyperpars alpha,av_gradient loggamma,log10_hyperpars gamma
0,25112.7215899293,-2934.432675623499,0.0,-472.1579891418376,0.0
1,846.4638183949224,-746.0906095935854,0.9873012190249626,-122.61671917954422,0.1588593809374286
2,475.5389492968138,-199.30686305707192,1.3239121526669748,37.02379747458155,0.21457560146826113
3,469.7608944804718,67.72169084316074,1.4528088540917894,37.88582720158358,0.1804202488947482
4,467.85720176613023,37.28563089452434,1.425001187878386,36.20950804755715,0.16921659503315864
5,465.98696966721246,-38.483680270947005,1.380560012589989,29.64608130020028,0.11559261916140849
6,464.7287808174773,-30.086675442709378,1.385490014637428,26.416641895357895,0.07704208198190643
7,459.36318629935806,-10.551965172231775,1.4046977319491665,8.293434688646766,-0.2342861970265538
8,458.4177990314103,-0.5598596448052945,1.4144151891380137,4.564182644145954,-0.3774635150614222
9,457.8933953496943,0.6404199272396511,1.4196343074282267,2.2807491341173276,-0.5401711717667658
10,457.6404740895915,0.19675821960522058,1.423683115465333,1.5532107575490073,-0.6990955357201875
